date,close,high,low,open,volume,price_chg_pct0,ema10,ema20,sma25,sma30,sma50,sma100,sma200,min30,max30,min60,max60,min90,max90,min120,max120,min150,max150,min252,max252,vol_sma40,vol_sma50,vol_sma252,avg_dollar_vol,price_up_down,highest_volume,days_since_highest_volume,days_since_vol_max,up_dollar_vol_max,days_since_up_vol_max,adr_pct,atr14,atr_pct,atr_multi_50sma,vars_norm_change,vars,vars_20ema,previous_session_high,previous_session_low,previous_session_volume,inside_day,tight_day,close_to_ma,range_pct,range10_pct,range20_pct,range_contraction_10_20,vol_dry_10_50,dist_sma50_pct,close_vs_252h,nr7,nr20,perf_1mo,rela_perf_1mo,perf_3mo,rela_perf_3mo,perf_6mo,rela_perf_6mo,perf_12mo,rela_perf_12mo,vol_ratio,vol_ratio_rank,perf_1mo_rank,rela_perf_1mo_rank,perf_3mo_rank,rela_perf_3mo_rank,perf_6mo_rank,rela_perf_6mo_rank,c0_c30_rank,c0_c60_rank,c0_c90_rank,c0_c120_rank,rs_sts_pct,ticker
2026-01-21,38.380001068115234,40.0,35.540000915527344,39.40999984741211,3450300.0,-0.0224146024207879,36.69226357637466,35.58847312921631,35.378400039672854,34.86800003051758,30.44270000457764,29.908150024414063,24.89307506084442,26.799999237060547,41.959999084472656,18.5,41.959999084472656,18.5,41.959999084472656,18.5,41.959999084472656,16.55299949645996,41.959999084472656,9.711000442504885,41.959999084472656,4852095.0,5122394.0,4958752.360515022,176261817.82518387,-1,False,223,223,433973148.3535767,41,0.1037279188107969,3.6564993177141454,0.0952709540373577,2.736712471276684,-0.2406665985563748,1.9470286531293235,-0.7615537776413714,39.93999862670898,35.369998931884766,4089700.0,False,False,True,0.1162063303895493,0.2183428589773649,0.2681083564827538,0.8143828929532451,0.8694040325675846,0.2607292080644645,0.914680693649438,False,False,0.3121367886535122,1.2928886953112322,0.124194544647602,1.101223764940645,0.4565465090127831,1.3366438224114092,0.0,0.0,0.9784910895401228,50.0,93.0,93.0,72.0,72.0,86.0,86.0,91.0,96.0,94.0,91.0,80.76923076923077,AAOI
2026-01-21,4.420000076293945,4.800000190734863,4.03000020980835,4.239999771118164,5064000.0,-0.002257280458728,3.279248626132508,3.08042777569494,3.00080002784729,3.046333352724711,2.858400015830993,2.449600003957749,1.9555500012636184,2.490000009536743,4.889999866485596,2.095000028610229,4.889999866485596,1.7400000095367432,4.889999866485596,1.4600000381469729,4.889999866485596,1.343000054359436,4.889999866485596,1.0499999523162842,4.889999866485596,2076045.0,1895022.0,1237332.1888412018,11021864.265841246,-1,False,1,1,154577756.0101509,1,0.0947517904173389,0.3587856973920549,0.0811732333029476,6.730292921258108,-0.027871099983539,5.091609420384146,0.1729663702794039,4.889999866485596,2.950000047683716,34893400.0,True,False,False,0.1742081374740922,0.5407239423600979,0.5429863836023255,0.995833337058624,2.417481169084053,0.5463196374944617,0.9038855208539228,False,False,0.4350649953833492,1.4140136345631693,1.1990050235150704,2.154072533662532,1.7283951007925578,2.5037940319830323,0.0,0.0,1.6778396446182149,90.0,96.0,96.0,99.0,99.0,98.0,98.0,97.0,96.0,97.0,97.0,96.15384615384616,ACRS
2026-01-21,17.56999969482422,17.989999771118164,17.31999969482422,17.790000915527344,1668100.0,-0.0167879759552406,17.404699028766256,17.081239564063605,16.793600158691405,16.541666762034097,16.551800003051756,15.693500032424929,12.931800012588502,14.579999923706056,18.5,13.279999732971191,20.76000022888184,12.510000228881836,20.76000022888184,9.954999923706056,20.76000022888184,9.954999923706056,20.76000022888184,6.255000114440918,20.76000022888184,2543065.0,2503746.0,2154218.4549356224,33156391.83893681,-1,False,264,264,153228482.37609863,264,0.049818926948389,1.0410712787083216,0.0592527772789319,1.0381952077771857,-0.2881658062658276,-0.1178106712888045,-1.4512769567846515,18.13999938964844,16.549999237060547,2119800.0,True,False,True,0.0381331865641019,0.173306780260841,0.1815594556511582,0.9545456040242072,0.7900521858047901,0.061515949418476,0.8463390896489679,False,False,0.0648484663529829,1.0492279130288291,-0.0145821777899253,0.9652826811697016,0.6685660152307136,1.5312099151954923,0.0,0.0,1.1805046949502611,72.0,66.0,66.0,41.0,41.0,90.0,90.0,75.0,73.0,76.0,85.0,80.76923076923077,ADPT
2026-01-21,22.174219131469727,22.793498037074123,21.74471820057408,22.633684003038567,33740400.0,-0.0115760868225216,20.36594388338778,19.00666008016505,18.15689033508301,17.734714412689208,15.828197574615478,13.80574899673462,10.648843257427217,14.303370365160372,22.95331266862204,10.178165915434564,22.95331266862204,9.668758967163576,22.95331266862204,7.73101147855844,22.95331266862204,7.73101147855844,22.95331266862204,5.0795983549368176,22.95331266862204,21766850.0,20301092.0,21488164.80686695,442070143.8846111,-1,False,230,230,710252350.0190735,5,0.0649323229371943,1.4847019747726975,0.0669562236203214,5.987963290130216,-0.1749152118484771,10.546300599868497,7.054399977412057,22.95331266862204,21.754707382153686,30134100.0,False,False,False,0.047297261305207,0.2797296095559374,0.335135088901877,0.8346771759188678,1.2923290037796982,0.4009314090842346,0.9660574685493064,False,False,0.3746130320152083,1.354448457575607,0.545961004822785,1.5143722287996255,1.5084742654158614,2.301977046252137,0.0,0.0,1.012969241237576,54.0,95.0,95.0,95.0,95.0,97.0,97.0,94.0,97.0,96.0,97.0,96.15384615384616,AG
2026-01-21,23.299999237060547,23.45499992370605,22.475000381469727,22.93000030517578,2413500.0,0.0246261860852625,21.94783108478564,21.16005216730192,20.690600128173827,20.450500106811525,19.30490005493164,18.130950059890747,16.6138250207901,18.229999542236328,23.45499992370605,15.845000267028809,23.45499992370605,15.845000267028809,23.45499992370605,12.90999984741211,23.45499992370605,11.625,23.45499992370605,11.625,23.45499992370605,2831857.5,2603066.0,3169203.862660944,54910526.8622303,1,False,132,132,205349556.0207367,174,0.0414143022088664,0.9385713849748883,0.0402820350089116,5.1374617974157575,0.5966509046697239,4.080728485582516,1.6149845315364555,23.01499938964844,22.06999969482422,2486600.0,False,False,False,0.0420600675676228,0.1255364520531012,0.2242489507535664,0.5598084255522641,1.0230551203849614,0.2069474159804478,0.9933915716414542,False,False,0.1415972274010024,1.124850825514922,0.3398504919402179,1.3124731926665725,0.8881684723621477,1.732734731529745,0.0,0.0,0.8935548556419783,39.0,81.0,81.0,91.0,91.0,93.0,93.0,83.0,84.0,80.0,86.0,100.0,ALHC
2026-01-21,26.68000030517578,27.200000762939453,25.670000076293945,26.309999465942383,1851000.0,0.0237912836507794,22.205334686309808,18.54044260823977,15.527800064086914,14.866500027974446,11.636800022125245,8.032000014781952,6.175375007390976,7.849999904632568,27.200000762939453,4.385000228881836,27.200000762939453,3.759999990463257,27.200000762939453,3.759999990463257,27.200000762939453,2.759999990463257,27.200000762939453,2.759999990463257,27.200000762939453,3700182.5,3232888.0,1283709.442060086,105654424.38088416,1,False,15,15,1057215678.1814576,15,0.1037946198245733,2.668785606111799,0.1000294443622652,12.92346021576944,0.2323157161120516,11.659090249833532,7.751728278216682,26.299999237060547,23.18000030517578,2809800.0,False,True,False,0.0573463519169711,0.3935532188866975,0.7252623926901937,0.5426356348450697,1.4519587440084532,1.292726544621257,0.9808823366478656,False,False,1.4122965002654508,2.376909863286838,4.605041811404101,5.4905134307861285,7.060423192264924,7.396890383723411,0.0,0.0,2.882414336738054,96.0,99.0,99.0,99.0,99.0,99.0,99.0,99.0,99.0,99.0,99.0,100.0,ALMS
2026-01-21,16.920000076293945,17.200000762939453,16.149999618530273,16.34000015258789,3601400.0,0.0223565472078604,14.221859942255485,13.461054511085813,12.686000061035156,12.78200003306071,13.182599983215333,13.155499982833865,9.665924990177157,10.829999923706056,17.200000762939453,10.829999923706056,17.200000762939453,10.829999923706056,17.200000762939453,7.480000019073486,17.200000762939453,4.800000190734863,17.200000762939453,2.5999999046325684,17.200000762939453,1669155.0,1659880.0,1426884.9785407726,24719600.5312109,1,False,208,208,82385302.46868134,133,0.0661863291452036,0.9609998294285366,0.056796679970171,4.991666573497274,0.3850165503706919,5.727867493596054,1.882466881242939,16.799999237060547,13.899999618530272,4419500.0,False,False,False,0.0620568049453085,0.3416076040533638,0.3764775892736665,0.9073783241983224,1.2737607537894309,0.2835100888927249,0.9837208910333992,False,False,0.4194630845635492,1.3986405924393577,0.1008458166737638,1.0783521238636236,1.1499365085558644,1.9729540628851483,0.0,0.0,1.169789454022418,71.0,96.0,96.0,68.0,68.0,95.0,95.0,94.0,88.0,85.0,93.0,100.0,AMLX
2026-01-21,35.060001373291016,38.0,32.31999969482422,36.33000183105469,42153500.0,-0.011280251593599,34.577998639411035,32.42442519964945,29.59680000305176,29.81366672515869,28.347900009155275,27.186050062179564,18.36077505350113,21.93000030517578,39.505001068115234,19.0049991607666,39.505001068115234,17.253999710083008,40.20000076293945,11.399999618530272,40.20000076293945,9.020000457763672,40.20000076293945,3.309999942779541,40.20000076293945,31250675.0,30870564.0,36573100.42918455,1146700948.7725067,-1,False,233,233,3671875300.321579,103,0.0909621386217867,3.3661436353410994,0.0960109384908767,2.466135298209485,-0.118829662222987,5.593084248372494,4.174407453629908,37.25,33.619998931884766,35188300.0,False,False,True,0.16200798866776,0.2849401393942117,0.45878495042145,0.6210756022673791,1.523087495259238,0.236775964426571,0.8721393210920776,False,False,0.4669456875684681,1.4454266601571963,-0.0233983319466537,0.9566466683737022,2.2018266652046563,2.938252782177632,0.0,0.0,0.8544715824820428,34.0,96.0,96.0,39.0,39.0,98.0,98.0,95.0,94.0,94.0,97.0,76.92307692307693,APLD
2026-01-21,7.989999771118164,8.170000076293945,7.75,7.789999961853027,8193200.0,0.0296391153933599,7.124329884889267,6.722828031309231,6.373199977874756,6.301333332061768,6.083000011444092,5.904300031661987,5.173225014209748,5.53000020980835,8.170000076293945,4.909999847412109,8.170000076293945,4.710000038146973,8.170000076293945,4.074999809265137,8.170000076293945,3.490000009536743,8.170000076293945,3.2100000381469727,8.170000076293945,4618937.5,4263584.0,4472976.394849786,43699233.03141832,1,False,264,264,138619525.90084076,12,0.0704921203882136,0.6000000068119594,0.0750938703378701,4.174729421246028,0.3833325660418037,-3.393647421922684,-5.640967163187463,7.800000190734863,6.840000152587891,15800500.0,False,False,False,0.0525657181883959,0.3229036292381514,0.3304130090251729,0.9772727477977438,2.091636988974534,0.3134965898547408,0.9779681391071132,False,False,0.4066901430620653,1.3860550207093807,0.5666666510837528,1.534654794517092,0.8056495879588332,1.6570087891122047,0.0,0.0,1.0326317628946746,57.0,95.0,95.0,96.0,96.0,92.0,92.0,91.0,90.0,89.0,89.0,100.0,ARDX
2026-01-21,19.280000686645508,20.399999618530277,18.940000534057617,20.1200008392334,3315400.0,-0.0148185494481846,18.05949293596272,17.19706228606436,16.824399909973145,16.48566659291585,14.846199951171876,12.298599948883057,9.387499973773956,13.869999885559082,20.399999618530277,8.75,20.399999618530277,8.75,20.399999618530277,6.651000022888184,20.399999618530277,6.309999942779541,20.399999618530277,3.569999933242798,20.399999618530277,1815102.5,1758324.0,1462345.0643776825,30913951.74700737,-1,False,124,124,100201166.41159058,124,0.0446939323905981,0.8824283054896763,0.0457691013517908,6.525119659156441,-0.3286374727267899,13.945058643188418,11.95692889764475,19.6299991607666,18.6200008392334,3249300.0,False,False,False,0.0757260908960412,0.2343360730364128,0.2662862884688611,0.880015544111711,1.0137267079332364,0.2986488630124944,0.9450980905476382,False,False,0.2319489556930822,1.2138771595989888,0.8485139139524285,1.8107430440395549,1.612466177191393,2.3974083597017355,0.0,0.0,1.2412272207260722,76.0,90.0,90.0,98.0,98.0,97.0,97.0,90.0,97.0,95.0,97.0,96.15384615384616,ARIS
2026-01-21,6.900000095367432,7.21999979019165,6.769999980926514,7.119999885559082,10845600.0,-0.0142857006617954,6.708934953450137,6.5016659461949216,6.483600025177002,6.384333340326945,5.793600006103516,5.335999999046326,4.243300004601479,5.400000095367432,7.5,4.050000190734863,7.5,4.050000190734863,7.5,3.0999999046325684,7.5,3.0999999046325684,7.5,1.149999976158142,7.5,5386137.5,5124422.0,4855514.163090128,38833436.6986537,-1,False,159,159,75320702.64816284,98,0.0639911233925913,0.4728570665631975,0.0685300086996618,2.7866530927751323,-0.2114801949760083,3.689946867604793,2.990890444365106,7.5,6.860000133514404,10080700.0,False,False,True,0.0652173627602209,0.2463767805462052,0.2565217328206804,0.9604518799911314,1.255087890887987,0.1909693606908193,0.9200000127156576,False,False,0.1129032754253041,1.096577792966804,0.1183144262636648,1.0954637956044782,0.9491525903168648,1.7886986461902046,0.0,0.0,1.1092826257090298,65.0,77.0,77.0,71.0,71.0,94.0,94.0,83.0,92.0,89.0,92.0,92.3076923076923,ASM
2026-01-21,4.449999809265137,4.96999979019165,4.119999885559082,4.710000038146973,1357500.0,-0.0111111534966362,4.651281981503592,4.364903432308303,4.351600008010864,4.0653333306312565,3.0943999981880186,2.589299994707108,2.210444996356964,1.5800000429153442,7.400000095367432,1.399999976158142,7.400000095367432,1.399999976158142,7.400000095367432,1.399999976158142,7.400000095367432,1.100000023841858,7.400000095367432,1.100000023841858,7.400000095367432,2340445.0,1894326.0,1263164.3776824034,17974318.710541725,-1,False,209,209,320392034.3170881,209,0.2995346527293621,1.070785743849618,0.2406260201675031,1.8205912846221912,-0.0466948603136103,1.3551684512123965,-0.9642495938008144,5.084000110626221,4.380000114440918,1219600.0,False,True,True,0.1910112227112512,0.4921348654129742,0.973033786003618,0.5057736663330458,1.2277770563250463,0.4380816351702798,0.6013513178264602,False,False,0.4495113700424953,1.4282480914022364,0.9517543268005596,1.9118739351935268,1.0990566271146718,1.9262626055286032,0.0,0.0,1.8528427822625448,92.0,96.0,96.0,98.0,98.0,95.0,95.0,99.0,99.0,98.0,97.0,57.692307692307686,ASTI
2026-01-21,8.989999771118164,9.130000114440918,8.710000038146973,9.130000114440918,877100.0,-0.0153341009384343,8.998409559681015,8.893703964408076,8.776800041198731,8.829666741689046,8.849500007629395,8.844800004959106,6.9809499979019165,7.679999828338623,9.845000267028809,7.679999828338623,10.005000114440918,7.679999828338623,10.31999969482422,3.7300000190734863,10.31999969482422,3.7300000190734863,10.31999969482422,3.670000076293945,10.31999969482422,1230565.0,1213078.0,962921.8884120171,10843405.640034676,-1,False,167,167,83714546.17552757,167,0.0486631693054473,0.4931428432464599,0.0548546002004095,0.2894301735913829,-0.2838940993264813,-2.3141434530799128,-1.3336267486429234,9.335000038146973,8.954999923706055,955900.0,False,False,True,0.0467185858717442,0.1674082483601363,0.2408231917475239,0.6951500274759462,1.1310649438865432,0.0158765764582904,0.8711240345895467,False,False,-0.0099119111612455,0.9755642159347684,-0.1246349201160826,0.8574786575481109,1.2363183616349631,2.0522249749859123,0.0,0.0,1.277948933146967,78.0,30.0,30.0,26.0,26.0,96.0,96.0,68.0,49.0,44.0,94.0,65.38461538461539,AVAH
2026-01-21,150.55999755859375,155.8699951171875,142.42999267578125,152.8000030517578,12675400.0,-0.0078418612283772,136.1381713827179,123.60296428666194,108.8840008544922,108.28633422851564,108.81140045166016,99.40510021209715,62.52990007400513,75.69999694824219,155.8699951171875,75.69999694824219,155.8699951171875,61.369998931884766,155.8699951171875,32.52000045776367,155.8699951171875,20.93000030517578,155.8699951171875,15.149999618530272,155.8699951171875,13151070.0,13713454.0,10361905.150214592,1340782630.8880615,-1,False,181,181,3587492964.135742,84,0.0765350115001701,11.23285893031529,0.0746071938925462,5.14264778218973,-0.1059394094405179,10.767880513260708,8.549834533123486,155.30999755859375,143.1999969482422,16605200.0,False,True,False,0.0892667551762929,0.3461742558603845,0.4764213396033282,0.7266136654344906,1.0749552957263722,0.3836785202069019,0.9659331640152966,False,False,0.8770726751914364,1.849537382853963,0.3805244904549318,1.3523160952965652,4.806401688647149,5.328419586704232,0.0,0.0,1.2691749064821003,78.0,99.0,99.0,92.0,92.0,99.0,99.0,98.0,96.0,97.0,98.0,96.15384615384616,BE
2026-01-21,31.1200008392334,32.130001068115234,30.31999969482422,30.84000015258789,2215800.0,0.0050056736922881,31.09672853050173,29.90163124236113,28.91699981689453,28.6258331934611,26.538499908447264,25.207399940490724,21.64469997406006,25.530000686645508,36.43999862670898,20.229999542236328,36.43999862670898,20.229999542236328,36.43999862670898,15.600000381469728,36.43999862670898,15.600000381469728,36.43999862670898,13.524999618530272,36.43999862670898,1888732.5,1917458.0,2304628.3261802574,55409405.22888184,1,False,317,317,237608822.31445312,9,0.0703623523571503,2.4987143107822964,0.0802928741451746,2.150078935316939,0.06203217629829,4.748517621678945,1.7123073446148935,31.59199905395508,29.799999237060547,1606700.0,False,True,True,0.0581619962879025,0.2941516414444537,0.3301734393987488,0.8909003764206733,1.2643406009414548,0.172636017355594,0.8540066413840024,False,False,0.1891479078528319,1.1717039720329878,0.0163291961559761,0.99556243991632,0.4447539237010991,1.325822000925046,0.0,0.0,0.8195388725133078,30.0,87.0,87.0,51.0,51.0,85.0,85.0,77.0,87.0,84.0,90.0,80.76923076923077,BEAM
2026-01-21,3.4144937992095947,3.4939005547002555,3.345012651504468,3.3747904214642643,17990300.0,0.0268657125222704,3.3085408725723755,3.247100093480007,3.1969189453125,3.1746188481648763,3.1290261125564576,2.737848234176636,2.2817943900823594,2.9380526459930905,3.4939005547002555,2.21346541513644,3.4939005547002555,2.163836221232201,3.4939005547002555,1.915689700137629,3.4939005547002555,1.7469502554424086,3.4939005547002555,1.3384989545070265,3.4939005547002555,17263595.0,19899846.0,33583874.67811159,52220768.91426563,1,False,225,225,224511557.64222145,225,0.0414268343074133,0.1595227107158562,0.0467192855212633,1.9527721637840667,0.5600006330390537,5.697576195591508,3.974933791543274,3.394642128297348,3.3053092912469126,12484600.0,False,False,False,0.0436046781605673,0.1395349358880315,0.1569767819119739,0.8888890075876119,0.9072587797915622,0.091232120277803,0.9772727488239936,False,False,0.1315790388571809,1.1149795965182143,0.5154185371634759,1.4844538384405035,0.7286432858335665,1.586341634039863,0.0,0.0,0.5140441704676681,11.0,80.0,80.0,95.0,95.0,91.0,91.0,66.0,87.0,85.0,86.0,100.0,BTE
2026-01-21,8.229999542236328,8.449999809265137,7.639999866485596,8.359999656677246,2404900.0,-0.0060386705733529,7.882619301896279,7.257453721163093,6.5115999984741215,6.443666648864746,6.396999988555908,4.777700002193451,2.84451499953866,4.570000171661377,8.829999923706055,3.119999885559082,8.829999923706055,2.440000057220459,8.829999923706055,0.9010000228881836,8.829999923706055,0.8730000257492065,8.829999923706055,0.2240000069141388,8.829999923706055,3115410.0,3738298.0,2649728.3261802574,21742113.49906683,-1,False,230,230,140241605.5727005,77,0.0955816102258571,0.704214232308524,0.0855667401552696,3.3487368586530155,-0.0710013919641397,10.734820960852677,9.31161986979488,8.770000457763672,7.800000190734863,3152200.0,False,True,True,0.0984204116443292,0.3547995429779206,0.4981774158785044,0.7121951571254069,1.0201728166133357,0.2865404966327365,0.9320497863359098,False,False,0.7110186362040749,1.6859192359701765,1.279778332796286,2.2331953938266134,6.990291039650862,7.332531499222335,0.0,0.0,1.1757469508170488,71.0,98.0,98.0,99.0,99.0,99.0,99.0,97.0,98.0,98.0,99.0,88.46153846153845,BW
2026-01-21,47.75,50.15999984741211,46.5099983215332,49.470001220703125,2452000.0,-0.0025067669639081,46.22382794184568,43.31110417938264,41.24159988403321,39.53799991607666,35.405599975585936,31.66239995956421,25.201249995231628,29.299999237060547,50.15999984741211,25.399999618530277,50.15999984741211,24.57999992370605,50.15999984741211,20.209999084472656,50.15999984741211,16.59000015258789,50.15999984741211,13.050000190734863,50.15999984741211,1922107.5,2254536.0,1892634.7639484976,86247991.50865555,-1,False,71,71,168386363.2621765,70,0.0513453964573162,2.570715495518276,0.0538369737281314,6.476157303411612,-0.0466791957701927,11.625210826532928,7.959361978692942,48.11000061035156,46.0,1378400.0,False,False,False,0.0764398225314954,0.2131937236686027,0.2898429351327307,0.7355491468887203,0.9221631413293024,0.3486567106030174,0.9519537509022452,False,False,0.41230399469079,1.3915865212135172,0.3937537168525784,1.3652750075864617,1.1193962958156258,1.9449279158024588,0.0,0.0,1.0155723315522402,55.0,95.0,95.0,92.0,92.0,95.0,95.0,95.0,95.0,93.0,93.0,92.3076923076923,CENX
2026-01-21,26.3799991607666,26.551000595092773,25.46999931335449,25.920000076293945,2185400.0,0.0276587098699829,26.37935063225885,26.167664619224663,26.347200088500976,26.23566678365072,23.88520011901856,22.50990005493164,25.631307215472454,23.46999931335449,28.59000015258789,16.170000076293945,28.59000015258789,16.170000076293945,28.59000015258789,16.170000076293945,35.34000015258789,16.170000076293945,38.66999816894531,16.170000076293945,44.93999862670898,3522392.5,3900590.0,3611758.1699346406,80263227.78913498,1,False,223,223,264173887.98179623,75,0.0455552077306378,1.4011429377964564,0.0531138355713177,1.966522951566484,0.5067285180691519,-5.242289581343146,-8.706662135645512,26.399999618530277,24.770000457763672,3369100.0,False,False,True,0.0409780635378484,0.1448066647593179,0.1448066647593179,1.0,0.8100723223922535,0.1044495766967246,0.5870048946794648,False,False,0.0410417917094012,1.0257704650052704,0.4423180885885704,1.412847058651565,-0.2118315447072929,0.723286548193082,0.0,0.0,0.9752570172946384,50.0,58.0,58.0,93.0,93.0,21.0,21.0,56.0,90.0,87.0,81.0,46.15384615384615,CHYM
2026-01-21,17.719999313354492,19.5,16.280000686645508,18.229999542236328,46175100.0,-0.0111607568129439,17.603915262429297,17.24218583446714,16.42999984741211,16.80666643778483,17.018799839019774,16.00459990978241,10.16429995059967,13.670000076293944,20.739999771118164,13.09000015258789,25.520000457763672,9.850000381469728,25.520000457763672,4.550000190734863,25.520000457763672,3.289999961853028,25.520000457763672,1.8600000143051147,25.520000457763672,31271322.5,34709372.0,32277712.44635193,427461458.9924336,-1,False,118,118,3091943755.0935745,79,0.0927570320723478,1.7569283757890974,0.0991494607149903,0.4155490511272187,-0.1138354674530348,5.673460907407374,5.82450114328862,18.8700008392334,17.219999313354492,28362300.0,False,False,True,0.1817155439124522,0.2344243504277487,0.2920992600627983,0.8025503055959471,0.8675841210840691,0.0412014643198896,0.6943573274099896,False,False,0.1696369478241306,1.1524792236120072,-0.109995005064868,0.8718194337490517,1.5533140010450568,2.343125581679233,0.0,0.0,0.96882090240984,49.0,85.0,85.0,28.0,28.0,97.0,97.0,85.0,76.0,91.0,98.0,76.92307692307693,CIFR
2026-01-21,39.900001525878906,40.400001525878906,39.4900016784668,39.959999084472656,2939400.0,0.0,38.04031451396735,37.526821396816615,37.70399993896484,38.09166653951009,37.08959991455078,25.7150999546051,16.80512495994568,32.93000030517578,43.72999954223633,13.779999732971191,43.72999954223633,11.600000381469728,43.72999954223633,10.380000114440918,43.72999954223633,6.920000076293945,43.72999954223633,3.7200000286102295,43.72999954223633,2558337.5,3432906.0,2373503.433476395,81780677.7413559,-1,False,198,198,756032330.6762695,72,0.0510037619932173,2.0819996425083707,0.0521804401726149,1.4521400347304776,0.0,8.581612623244496,6.730817940613495,40.34000015258789,37.70000076293945,1786300.0,False,True,False,0.0228070128474027,0.1882205021135716,0.2110275149609744,0.8919239851181469,0.6730099804655297,0.0757733062045127,0.9124171494065936,True,False,0.0527704464242397,1.037327068877024,1.4599262154732546,2.409662296776942,2.2048194487670445,2.9409992002533523,0.0,0.0,1.0778739410765816,62.0,62.0,62.0,99.0,99.0,98.0,98.0,76.0,98.0,98.0,98.0,73.07692307692307,COGT
2026-01-21,55.40999984741211,56.9900016784668,54.77000045776367,55.70000076293945,979900.0,-0.0050278108493718,54.222724904856825,52.19794872779588,50.57199981689453,50.248666763305664,47.68999992370605,43.555499992370606,37.04360000610352,43.040000915527344,57.9900016784668,38.81499862670898,57.9900016784668,33.275001525878906,57.9900016784668,25.82999992370605,57.9900016784668,25.82999992370605,57.9900016784668,24.100000381469727,57.9900016784668,1301247.5,1415458.0,1185647.2103004293,76237707.8102684,-1,False,117,117,469117560.4408264,117,0.0529003984653944,3.5175718579973494,0.063482618077676,2.54997043518647,-0.0796000168867299,5.764778173054213,3.295813124281178,55.880001068115234,54.0,1023600.0,False,True,True,0.0400649923626882,0.1312217998280116,0.2633098753431833,0.498355026210029,1.1373774424956444,0.161878799246308,0.955509540328006,False,False,0.2275144128628146,1.2095076682900758,0.3053003263026381,1.2786289940232982,0.8185100458183086,1.6688105760410004,0.0,0.0,1.0974997357521543,64.0,90.0,90.0,89.0,89.0,92.0,92.0,84.0,82.0,88.0,92.0,88.46153846153845,CRNX
2026-01-21,5.289999961853027,5.414999961853027,5.039999961853027,5.28000020980835,2371400.0,-0.0148975652534349,4.739708180381788,4.497862000153899,4.341600017547608,4.281666684150696,4.151400012969971,3.533049999475479,2.7194550062716005,3.7799999713897705,5.699999809265137,3.220000028610229,5.699999809265137,1.899999976158142,5.699999809265137,1.7200000286102295,5.699999809265137,1.7200000286102295,5.699999809265137,0.4000000059604645,5.699999809265137,2783425.0,3007326.0,3604305.150214593,12658303.87806654,-1,False,254,254,243149098.06394577,254,0.0817199327727584,0.3863571371350969,0.0730353761665738,3.755288499262992,-0.207062109164768,8.415866883620854,3.970236091635297,5.610000133514404,5.099999904632568,4898000.0,False,True,False,0.0708884693202609,0.3043477633813217,0.3421549560327292,0.8895027180381073,1.2060115863727443,0.274268908157681,0.9280701998014684,False,False,0.363402011810322,1.3434018948916375,0.4144384888673504,1.3855371255832951,1.21338900822564,2.0311831624541363,0.0,0.0,0.7722500964809489,25.0,94.0,94.0,93.0,93.0,95.0,95.0,90.0,91.0,98.0,97.0,92.3076923076923,CTMX
2026-01-21,17.149999618530273,17.610000610351562,16.742000579833984,16.780000686645508,2774900.0,0.022049995038393,15.312656122803842,14.48852950938564,13.870000114440918,13.65900011062622,12.909600105285644,12.072400064468384,9.854950041770936,12.0,17.610000610351562,10.46500015258789,17.610000610351562,8.77299976348877,17.610000610351562,7.960000038146973,17.610000610351562,6.34499979019165,17.610000610351562,4.699999809265137,17.610000610351562,2020965.0,1937000.0,1561851.5021459227,31048919.84242916,1,False,33,33,90539568.64023209,33,0.0724208590884873,1.094285556248256,0.063806739392921,5.147868378569132,0.338119177185617,4.002522171164698,-0.1561965536603966,17.139999389648438,14.619999885559082,3680700.0,False,False,False,0.0506122478031847,0.2756851746959002,0.2897959403835094,0.9513079249180116,1.2400877645844088,0.3284686960604195,0.973878422721298,False,False,0.3676235782058192,1.347561533975338,0.3031914754849172,1.2765632335655148,0.7790455402223506,1.6325947825301494,0.0,0.0,1.2939546411571607,79.0,95.0,95.0,89.0,89.0,92.0,92.0,91.0,90.0,93.0,92.0,100.0,DFTX
2026-01-21,3.75,3.7699999809265137,3.640000104904175,3.7200000286102295,70850900.0,0.016260146842582,3.4855223794516075,3.2624953696204404,3.0531999969482424,2.9953333298365274,2.805799994468689,2.76699999332428,2.250899993777275,2.4800000190734863,3.799999952316284,2.200000047683716,3.799999952316284,2.200000047683716,3.799999952316284,1.8600000143051147,3.799999952316284,1.6699999570846558,3.799999952316284,1.0800000429153442,3.799999952316284,45189102.5,49349146.0,79795475.96566524,148974684.60288763,1,False,219,219,639211882.9161286,219,0.0509672614176826,0.1785714285714285,0.0476190476190476,7.066861556506715,0.3359996795654297,6.444229127522678,2.434686026752687,3.759999990463257,3.609999895095825,67859800.0,False,True,False,0.034666633605957,0.1573333104451497,0.3173333485921224,0.4957982233609324,1.099761483207835,0.3365172169765102,0.9868421176463944,False,False,0.4591440067736854,1.437739424351277,0.2798634520682241,1.2537118739873494,0.7361110421242565,1.593194645771009,0.0,0.0,0.5663115853766468,12.0,96.0,96.0,88.0,88.0,91.0,91.0,93.0,92.0,89.0,90.0,100.0,DNN
2026-01-21,50.72999954223633,51.584999084472656,49.07799911499024,50.52000045776367,1486200.0,0.0139916206280046,51.87202993240778,51.07045502410367,50.09080001831055,49.96466674804688,48.365199966430666,43.02809991836548,36.19464994430542,43.810001373291016,57.0,37.834999084472656,57.0,33.685001373291016,57.0,25.559999465942383,57.0,25.559999465942383,57.0,25.450000762939453,57.0,1729580.0,1867334.0,2117859.227467811,86624473.16469193,1,False,162,162,515651118.45817566,77,0.046213293384919,2.7293570382254466,0.0538016373517422,0.9087948521034152,0.2564709391756875,4.8269331363102514,3.854336651868861,52.41999816894531,49.63999938964844,2596400.0,False,True,True,0.0494184898896986,0.1561600819336522,0.1931795648628254,0.8083675001780841,1.0743980455558566,0.0488946510599981,0.8899999919690584,False,False,0.1052287114551449,1.0890158092740492,0.2343066040301396,1.2090858935872628,0.762682360385629,1.6175786171633564,0.0,0.0,0.8166642889045785,30.0,76.0,76.0,85.0,85.0,92.0,92.0,65.0,75.0,82.0,90.0,65.38461538461539,DOCN
2026-01-21,122.5,123.69000244140624,119.79000091552734,122.72000122070312,4187600.0,0.0040983606557376,121.18135689380202,115.53203213147695,113.19359924316406,110.91266632080078,95.16419967651368,84.24050003051758,54.78630004882813,85.52999877929688,132.25,65.76000213623047,132.25,65.76000213623047,132.25,26.040000915527344,132.25,23.96999931335449,132.25,14.899999618530272,132.25,6019372.5,5382322.0,4269269.098712446,639625530.9970093,1,False,148,148,2369478767.2481537,148,0.0456327407995416,6.120714460100446,0.0499650160008199,5.74899807290184,0.0816898097859959,8.716778690080726,15.081341985887956,128.08999633789062,121.0,6357400.0,False,True,True,0.0318367471500318,0.174122463926977,0.2381224340322066,0.7312308251620953,1.377609886587982,0.2872487807012236,0.9262759924385632,True,False,0.1940735390664578,1.1765573478154807,0.6520566079455383,1.6182999698394214,3.356329884211325,3.9977174721759434,0.0,0.0,1.4099304496442635,84.0,87.0,87.0,97.0,97.0,99.0,99.0,91.0,95.0,92.0,98.0,88.46153846153845,ECHO
2026-01-21,17.530000686645508,18.170000076293945,15.609999656677246,17.674999237060547,27943600.0,0.0121247687945424,16.31263308704054,15.287820440711211,14.030000038146971,14.24000005722046,14.404800033569336,13.208399987220764,9.263424987792968,11.173999786376951,18.559999465942383,11.173999786376951,19.86000061035156,7.171000003814697,19.86000061035156,5.269999980926514,19.86000061035156,4.179999828338623,19.86000061035156,3.069999933242798,19.86000061035156,17917882.5,21107130.0,15504807.29613734,283073130.42932034,1,False,236,236,820825581.5803528,92,0.0816463021763862,1.459214278629848,0.083240970991033,2.6063547978857557,0.1439137451550109,8.97913229411104,6.676270122894112,18.559999465942383,16.510000228881836,27827700.0,False,True,False,0.1460353861575674,0.2743867243317724,0.4213348197522971,0.6512320166016293,1.2033057075973854,0.2169555041231479,0.8826787587059994,False,False,0.4240454987077364,1.4031557858974524,0.1678881025541063,1.1440245280029986,1.907131024329212,2.6678164415387644,0.0,0.0,1.1556340016211504,69.0,96.0,96.0,78.0,78.0,98.0,98.0,95.0,88.0,97.0,97.0,100.0,EOSE
2026-01-21,10.050000190734863,10.30500030517578,8.770000457763672,9.199999809265137,9087900.0,0.0244648074263325,8.071309947482314,6.549785141531367,5.273800086975098,4.95750006834666,4.110100040435791,3.089850029945373,2.252925016283989,3.150000095367432,10.420000076293944,2.1050000190734863,10.420000076293944,1.5299999713897705,10.420000076293944,1.3300000429153442,10.420000076293944,1.2100000381469729,10.420000076293944,1.0099999904632568,10.420000076293944,5427280.0,4678070.0,2134956.2231759657,54966087.03063607,1,False,14,14,213928916.15695956,14,0.1620782137785457,1.1203571217400687,0.1114783184554494,12.963920007106973,0.2142172049082094,15.898675027263558,9.166546391878942,10.420000076293944,9.199999809265137,7303200.0,False,False,False,0.1527363003263653,0.6666666587589196,0.7064676625177249,0.9436619595340549,3.022725183676174,1.4451960029832436,0.9644913740067188,False,False,1.7916667936024877,2.7507150700562364,3.085365867841676,4.00188917795796,4.98214315744688,5.489694044580542,0.0,0.0,2.5421036464749456,95.0,99.0,99.0,99.0,99.0,99.0,99.0,99.0,99.0,99.0,99.0,100.0,ERAS
2026-01-21,31.13999938964844,32.27000045776367,30.440000534057617,31.71999931335449,2347900.0,0.0048402587814817,30.091655174493763,29.097592838517965,28.448800201416017,27.878333536783853,25.95820011138916,22.64770006179809,18.285400023460387,23.600000381469727,32.27000045776367,19.09499931335449,32.27000045776367,16.3700008392334,32.27000045776367,12.789999961853027,32.27000045776367,12.789999961853027,32.27000045776367,9.300000190734863,32.27000045776367,1411760.0,1303558.0,824842.0600858369,49900170.569524765,1,False,7,7,87222241.08734131,7,0.0475637182845956,1.630714280264718,0.0523671905018341,3.81194596193806,0.0919839976540363,14.652384617280727,12.317785502514312,31.415000915527344,29.450000762939453,2234800.0,False,False,False,0.0587668580467083,0.1518946575126997,0.1840076960355078,0.8254799162497463,1.4996264071103855,0.1996209003715077,0.9649829237035732,False,False,0.219741423898099,1.2018487034259229,0.3724106944337617,1.3443680892820062,1.121253320319707,1.9466320703324291,0.0,0.0,1.7115519058922453,91.0,89.0,89.0,92.0,92.0,95.0,95.0,86.0,90.0,93.0,94.0,96.15384615384616,ERO
2026-01-21,29.239999771118164,29.809999465942383,28.30500030517578,29.040000915527344,1966400.0,0.01775148753943,26.8195266627074,25.666884464577,24.801200103759765,24.59066677093506,23.77260005950928,19.61705005645752,16.856325035095214,19.76000022888184,29.809999465942383,15.020000457763672,29.809999465942383,13.6850004196167,29.809999465942383,12.300000190734863,29.809999465942383,12.149999618530272,29.809999465942383,10.600000381469728,30.040000915527344,1619660.0,1598436.0,1266036.0515021458,40237360.54034233,1,False,294,294,98879860.31723022,28,0.0829795401661905,1.5862855911254885,0.0542505336368826,4.239358333181813,0.3215059329385856,5.622371316660002,2.1570479911332585,28.88999938964844,26.420000076293945,2034500.0,False,True,False,0.0514705599366374,0.2229821683122984,0.3437072269401124,0.6487561239180778,0.8441501567782508,0.2299874518530789,0.9733688042600668,False,False,0.3825059242790696,1.362225566844624,0.8999349654858517,1.8611134040777224,1.1595273156202062,1.9817553561738748,0.0,0.0,1.2793158599854095,78.0,95.0,95.0,98.0,98.0,95.0,95.0,93.0,95.0,95.0,94.0,100.0,EWTX
2026-01-21,12.260000228881836,12.600000381469728,11.890000343322754,12.5600004196167,20501200.0,-0.0064829759089815,11.349841939688522,10.691206119062173,10.252000045776366,10.035333315531412,9.272799968719482,8.37489999294281,6.474650005102157,8.300000190734863,12.600000381469728,6.599999904632568,12.600000381469728,6.019999980926514,12.600000381469728,4.909999847412109,12.600000381469728,4.53000020980835,12.600000381469728,2.950000047683716,12.600000381469728,15806257.5,14598662.0,13496339.055793991,164643369.89180565,-1,False,105,105,296142927.39219666,105,0.0717089875172694,0.911428724016462,0.0743416563622355,4.3333245165028345,-0.0877741962679352,6.011373283650056,3.464928718932422,12.550000190734863,11.710000038146973,23108500.0,False,False,False,0.0579119106763448,0.2634584368360353,0.3172920286052506,0.8303342444313637,1.1077385037067096,0.322146522111904,0.9730158617226778,False,False,0.3297179906517165,1.3102119938499366,0.3140407641088092,1.2871908375885135,1.1622575068632592,1.9842607984899607,0.0,0.0,1.1711514829804426,71.0,94.0,94.0,90.0,90.0,95.0,95.0,92.0,94.0,94.0,95.0,96.15384615384616,EXK
2026-01-21,286.0315856933594,286.0515072587845,270.2450377146003,278.7263324446619,2428500.0,0.024122265955617,257.63573836595424,234.9626871536329,213.36800720214845,207.69763946533203,189.78355834960936,179.31025939941406,148.46611289978028,161.52313659862088,286.0515072587845,148.99554257032807,286.0515072587845,148.99554257032807,286.0515072587845,127.33672579745564,286.0515072587845,107.63881419408152,286.0515072587845,80.61986813289408,286.0515072587845,1256157.5,1253808.0,1545616.738197425,407455766.80236816,1,False,208,208,1026063628.515625,175,0.053613898753047,14.225621242232483,0.0497344417671518,10.197084174497574,0.4735971118621128,10.986704155276373,5.989481943852013,280.1684273977371,263.11915713745884,1689700.0,False,False,False,0.0552612730019598,0.2050278166926269,0.4134494394195747,0.4958957423680569,1.6205511529675996,0.5071462890712952,0.9999303567192634,False,False,0.7417162775887536,1.7161665652594476,0.6257632785710283,1.592543894697019,1.59863239329925,2.3847133707909176,0.0,0.0,0.8127225003172477,29.0,98.0,98.0,96.0,96.0,97.0,97.0,97.0,95.0,93.0,92.0,100.0,FTAI
2026-01-21,115.75,116.41000366210938,110.30999755859376,115.0999984741211,2268700.0,0.0076608098927215,110.86877121767878,108.02494214124432,105.31559967041017,104.87799962361652,103.68419967651369,85.27929985046387,66.3527498626709,96.27999877929688,116.41000366210938,68.0199966430664,116.41000366210938,53.400001525878906,116.41000366210938,40.34999847412109,116.41000366210938,40.34999847412109,116.41000366210938,34.880001068115234,116.41000366210938,1985370.0,2127966.0,2401597.424892704,193818177.60055545,1,False,83,83,1025325954.6325684,83,0.0443168059367624,5.532858712332589,0.047800075268532,2.43452912034125,0.1590492906418302,6.398082833439452,5.196940173798045,114.97000122070312,109.11000061035156,1926700.0,False,True,False,0.0526998367474352,0.1089416899382424,0.1650108518662257,0.6602092450656607,0.937204823761282,0.1163706751957449,0.9943303527072715,False,False,0.1920700496287801,1.1745832481121967,0.6488604705402112,1.6151691394297565,1.502702702702703,2.29668059770177,0.0,0.0,0.8266872621620588,31.0,87.0,87.0,96.0,96.0,97.0,97.0,74.0,92.0,95.0,97.0,96.15384615384616,GH
2026-01-21,24.229999542236328,24.770000457763672,23.549999237060547,24.38999938964844,806700.0,-0.0085925117525529,23.017054209360357,21.13029913564064,19.41680004119873,19.011999988555907,17.39640001296997,12.840400013923643,8.760025005340577,13.6899995803833,25.770000457763672,10.210000038146973,25.770000457763672,4.795000076293945,25.770000457763672,4.119999885559082,25.770000457763672,4.119999885559082,25.770000457763672,3.5,25.770000457763672,1855652.5,1690904.0,1031473.8197424893,56974658.61672878,-1,False,128,128,540298551.9361496,14,0.0768027642963926,1.9677141053336007,0.081209828415539,4.837060796198565,-0.1067233249241185,17.06069522918894,13.84332118256465,24.479999542236328,23.01000022888184,1283200.0,False,True,False,0.0503508561185273,0.1923235631634688,0.4985555553281466,0.3857615487543459,2.4904429819788705,0.3928168772948159,0.940240555367806,False,False,0.5306380075183033,1.508184660049716,1.454913862530793,2.404752361744088,3.280918762447472,3.928514182460815,0.0,0.0,1.7990301493675036,92.0,97.0,97.0,99.0,99.0,99.0,99.0,97.0,97.0,99.0,99.0,92.3076923076923,GLUE
2026-01-21,28.867658615112305,29.31746709082458,27.80811209142003,29.1875234792486,37765500.0,0.0226628943037923,25.158856687125848,23.02372466973232,21.66593772888184,20.99369176228841,18.700264530181883,15.263335180282592,10.613762686252594,15.833231430873438,29.31746709082458,11.801423506972425,29.31746709082458,10.37246224631658,29.31746709082458,5.61299748936452,29.31746709082458,5.473172077846636,29.31746709082458,4.450893518139236,29.31746709082458,24084550.0,22395578.0,22745371.673819743,527622810.0944805,1,False,124,124,2748496512.6874924,33,0.0675429348830907,1.8534929946962928,0.0642065579134285,8.468032551137151,0.345146510196964,19.49287250553172,15.983013696292783,28.33788558012586,26.628615322767885,35003700.0,False,True,False,0.0522853280042046,0.3469529027884314,0.3909279260973199,0.8875111743796447,1.1630161990014278,0.5437032224073854,0.9846573213736788,True,False,0.517603791139962,1.4953416461554931,0.9964503075707578,1.9556566385128185,3.5806132950661373,4.20353790683658,0.0,0.0,1.05887695947047,60.0,97.0,97.0,98.0,98.0,99.0,99.0,97.0,98.0,98.0,99.0,100.0,HL
2026-01-21,17.34000015258789,17.43000030517578,16.84000015258789,17.110000610351562,1965200.0,0.0242173561737482,15.992551872971845,15.048989968628415,14.547199974060058,14.348999945322673,12.918399963378906,10.9024999666214,9.570649983882904,11.609999656677246,17.43000030517578,7.559999942779541,17.43000030517578,7.559999942779541,17.43000030517578,7.559999942779541,17.43000030517578,7.559999942779541,17.43000030517578,5.570000171661377,17.43000030517578,2212795.0,2110500.0,2018672.532188841,26044526.652374268,1,False,335,335,191708486.9422913,335,0.0404852859339874,0.5864284379141671,0.0338194021195926,10.12056638776916,0.6991472802212897,6.833305385026958,1.299352635141232,17.0,16.540000915527344,1348700.0,False,False,False,0.0340253833561723,0.2110726537027092,0.2814302232697851,0.749999951143735,0.8806917791992419,0.342271504345998,0.9948364801484734,False,False,0.2202674247739888,1.2023669882511352,1.0116009724822916,1.9704977283710363,0.8062499441206477,1.6575597240462905,0.0,0.0,1.0961634265666025,64.0,89.0,89.0,98.0,98.0,92.0,92.0,93.0,97.0,96.0,93.0,100.0,HLF
2026-01-21,58.93999862670898,62.540000915527344,55.08000183105469,59.08000183105469,5996300.0,0.0111511014062875,57.933733640517744,55.010561142066585,52.01399978637696,50.742999903361,46.555199813842776,43.18864974975586,30.46484989643097,34.18000030517578,62.90999984741211,31.670000076293945,62.90999984741211,31.670000076293945,62.90999984741211,18.68000030517578,62.90999984741211,15.260000228881836,62.90999984741211,10.039999961853027,62.90999984741211,6339815.0,6745422.0,6354133.47639485,307654805.701828,1,False,35,35,909724396.5435028,35,0.0865881354777493,4.770785467965262,0.0809430875317895,3.2865556825606146,0.13624542867128,5.359561901216225,4.8553366379102005,60.06100082397461,54.75,5003700.0,False,True,True,0.1265693800184806,0.1401424926024708,0.3014930585646654,0.4648282559792748,0.7049744256178486,0.2660239642916042,0.9368939559635616,False,False,0.5273386471535528,1.50493369890433,0.1806891183616852,1.156563979372695,1.754205592399768,2.5274798078554155,0.0,0.0,0.9977465886657808,53.0,97.0,97.0,80.0,80.0,98.0,98.0,96.0,94.0,92.0,97.0,80.76923076923077,HUT
2026-01-21,17.950000762939453,18.700000762939453,17.459999084472656,18.489999771118164,1144700.0,-0.0016684527286224,17.482595255066247,16.87867344071094,16.471600036621094,16.27333335876465,14.987200012207031,13.609899997711182,10.932600009441376,13.869999885559082,18.700000762939453,11.050000190734863,18.700000762939453,8.550000190734863,18.700000762939453,8.5,18.700000762939453,7.71999979019165,18.700000762939453,4.5,18.700000762939453,1954145.0,1947466.0,1457743.7768240343,28360582.78820038,-1,False,105,105,96216768.72997284,105,0.0545354184859179,1.061642851148333,0.0591444460180892,3.342473513448877,-0.0282569408953553,8.670513200687544,4.536735867801587,18.440000534057617,17.149999618530273,2357500.0,False,False,True,0.0690808705160042,0.1754874895999031,0.1754874895999031,1.0,0.9541219204853896,0.1976887442830701,0.9598930497646616,False,False,0.2413555128344051,1.2231457293814851,0.0716418365934001,1.0497448716327114,0.5147679481098175,1.3900724815166363,0.0,0.0,1.340527074145683,81.0,90.0,90.0,63.0,63.0,87.0,87.0,84.0,90.0,95.0,91.0,92.3076923076923,IE
2026-01-21,104.79000091552734,108.88300323486328,97.8499984741211,107.19000244140624,2152100.0,-0.0140195510056759,102.6048150423072,94.62640938526064,87.4020004272461,83.99800033569336,76.12700012207031,73.90550003051757,59.20314998626709,63.52999877929688,112.0,55.369998931884766,112.0,55.369998931884766,112.0,44.43000030517578,112.0,43.4900016784668,112.0,25.024999618530277,112.0,1869077.5,1913918.0,1394483.261802575,167799888.0192566,-1,False,181,181,554197381.2885284,181,0.0611724956012857,6.582500457763672,0.0628161122268709,5.99393302127234,-0.2263574265326736,9.14989402252644,6.498336636163018,111.58999633789062,105.0,1588100.0,False,False,True,0.1052868085155953,0.2273117614916889,0.3821929831267266,0.594756501367576,1.097706380315144,0.3765155693445907,0.9356250081743512,False,False,0.5385405957491805,1.5159713230529577,0.3391693407735123,1.311805959529866,1.0167437021153067,1.850725667968273,0.0,0.0,1.340336991627954,81.0,97.0,97.0,91.0,91.0,94.0,94.0,96.0,95.0,92.0,93.0,73.07692307692307,KRMN
2026-01-21,8.149999618530273,8.390000343322754,7.809999942779541,8.300000190734863,4185100.0,-0.0036675654677573,7.724461482408992,7.054645233482066,6.41359992980957,6.233666594823202,5.693199934959412,4.773599977493286,3.557649983167648,4.650000095367432,8.670000076293945,3.619999885559082,8.670000076293945,2.970000028610229,8.670000076293945,2.5199999809265137,8.670000076293945,1.909999966621399,8.670000076293945,1.7100000381469729,8.670000076293945,3412120.0,3592216.0,2187634.763948498,27695358.17768097,-1,False,106,106,61066124.06759262,106,0.0691719229376421,0.5464285441807338,0.0670464502769233,6.43631843229687,-0.0549032201282386,8.769187644792762,5.035493937186945,8.270000457763672,7.929999828338623,5187000.0,False,False,False,0.0711656966491744,0.2331288569692065,0.4196319308430458,0.5555555710473408,1.285663222924234,0.431532303737437,0.9400230157799548,False,False,0.6464646328421171,1.6223121929351247,0.9544363236015864,1.9145011304853443,1.7257523720854424,2.501368852300257,0.0,0.0,1.559730196388637,88.0,98.0,98.0,98.0,98.0,98.0,98.0,97.0,97.0,98.0,97.0,88.46153846153845,LAR
2026-01-21,362.4400024414063,376.5400085449219,350.010009765625,373.6000061035156,4969400.0,0.0157218173366842,352.73453734153003,352.9321744172511,360.3503979492188,359.13633117675784,325.8735989379883,246.79254943847656,166.42767463684083,309.07000732421875,402.7950134277344,173.72999572753906,402.7950134277344,144.52000427246094,402.7950134277344,101.61000061035156,402.7950134277344,83.58999633789062,402.7950134277344,45.650001525878906,402.7950134277344,4263820.0,4510420.0,3303843.347639485,1361115009.5587158,1,False,77,77,2595790925.0,77,0.0809867967452404,34.54850115094866,0.0953219868619053,1.1771721647145863,0.1623808756457899,10.815396817753276,10.656423473881224,357.6600036621094,320.3099975585937,5318000.0,False,False,True,0.073198318619882,0.2355010771751857,0.2355010771751857,1.0,1.037402281827413,0.1122103896191244,0.8998125358034795,False,False,0.0750748885949548,1.0593043210866298,1.2511801393876163,2.2051815501676693,2.6378602070971366,3.3383921093658686,0.0,0.0,1.290563610725186,79.0,69.0,69.0,99.0,99.0,99.0,99.0,69.0,96.0,97.0,98.0,53.84615384615385,LITE
2026-01-21,13.640000343322754,15.239999771118164,12.520000457763672,14.989999771118164,5034600.0,-0.0257142611912318,12.685745611309311,11.645621028700752,10.63279998779297,10.313333320617676,9.11260000228882,8.251199970245361,5.572249991893768,6.869999885559082,15.239999771118164,5.829999923706055,15.239999771118164,5.28000020980835,15.239999771118164,2.9100000858306885,15.239999771118164,2.75,15.239999771118164,1.6100000143051147,15.239999771118164,2166455.0,2066290.0,1005015.8798283262,37178255.92262745,-1,False,6,6,77945865.30303955,7,0.1168432716645071,1.390714168548584,0.1019585141894359,4.872850573475416,-0.2588595592241351,6.880730804017337,6.083352888951006,14.5600004196167,11.8100004196167,4823800.0,False,False,False,0.1994134343761966,0.308651021420825,0.5571847297168895,0.5539473803915147,1.8188589210614192,0.4968286043386942,0.8950131593290689,False,False,0.8997215417035613,1.871854006950136,0.562428529043044,1.530503270448444,3.357827426392646,3.9990917369131664,0.0,0.0,2.1556425559863466,94.0,99.0,99.0,96.0,96.0,99.0,99.0,98.0,97.0,97.0,98.0,96.15384615384616,LPTH
2026-01-21,39.9900016784668,40.52999877929688,38.93999862670898,38.93999862670898,1738600.0,0.0160061244498443,37.53724314486609,36.000848459335174,35.20800003051758,34.93000005086263,32.99240005493164,28.756300067901613,22.74360007286072,29.299999237060547,41.56999969482422,22.049999237060547,41.56999969482422,21.149999618530277,41.56999969482422,16.81999969482422,41.56999969482422,11.850000381469728,41.56999969482422,11.260000228881836,41.56999969482422,1682330.0,1812962.0,2108322.746781116,71428583.63451004,1,False,225,225,286349276.8737793,12,0.0793814812061231,3.242858069283621,0.0810917212596614,2.615524458825208,0.1942734016275981,-1.4165925124210412,-2.0020389892333053,40.709999084472656,37.66999816894531,2009000.0,True,False,False,0.0397599421318366,0.3040760024263725,0.3068267052454422,0.9910349954158346,1.5384878447535029,0.2120973803628805,0.9619918684638782,True,False,0.1877043021448865,1.1702815429719104,0.6362520787485233,1.602818376170145,1.4090361903308688,2.210724698350852,0.0,0.0,0.797947089727367,27.0,87.0,87.0,96.0,96.0,96.0,96.0,89.0,94.0,92.0,94.0,100.0,LQDA
2026-01-21,12.6899995803833,12.859999656677246,12.539999961853027,12.640000343322754,1844900.0,0.0039556357359562,12.7123793556316,12.514550491909418,12.373200035095214,12.282000064849854,11.823200035095216,10.409700026512146,8.882600009441376,11.420000076293944,13.739999771118164,9.420000076293944,13.739999771118164,7.559999942779541,13.739999771118164,4.71999979019165,13.739999771118164,4.71999979019165,13.739999771118164,4.71999979019165,13.739999771118164,1880467.5,1908832.0,2486716.738197425,24966699.290704727,1,False,267,267,88257397.44186401,100,0.0459253365538925,0.6514284270150321,0.0513339990981588,1.4281655036019412,0.0767532318011555,6.527333919344046,6.71454449769651,12.65999984741211,12.279999732971191,1486200.0,False,True,True,0.025216682853078,0.1426319563272761,0.1828211009881013,0.7801722862207199,1.2235702251429146,0.0733134466739235,0.923580770871482,True,False,0.0864725384262152,1.0705347756759522,0.1983002263963358,1.1738152378733078,0.9766354251679106,1.813919098265505,0.0,0.0,0.7562049473166438,23.0,72.0,72.0,81.0,81.0,94.0,94.0,51.0,76.0,88.0,96.0,76.92307692307693,NEO
2026-01-21,2.4200000762939453,2.4600000381469727,2.240000009536743,2.380000114440918,8673900.0,0.0254238067225354,2.220210914387442,2.13094286144411,2.00960000038147,2.054999995231628,2.0564000034332275,1.7972999978065491,1.5274500000476836,1.6699999570846558,2.4800000190734863,1.5199999809265137,2.7300000190734863,1.149999976158142,2.7300000190734863,1.149999976158142,2.7300000190734863,1.1399999856948853,2.7300000190734863,0.8500000238418579,2.7300000190734863,8181812.5,7885272.0,8657268.669527898,16159145.199816229,1,False,287,287,53233594.047403336,82,0.0824736812225741,0.1971428734915597,0.0814639947422934,2.170454384676027,0.3043487199687637,3.596329605870232,-0.1280075259647166,2.400000095367432,2.0899999141693115,12225000.0,False,False,False,0.0909090998654609,0.256198341000822,0.3264463041968762,0.7848100520884184,1.168042142363637,0.1768138845816356,0.8864469082001144,False,False,0.2872340863999765,1.2683512976064264,0.2222222489807606,1.197248459374728,0.4938272031918655,1.3708555755283445,0.0,0.0,0.9450801184903246,46.0,92.0,92.0,84.0,84.0,87.0,87.0,92.0,89.0,95.0,91.0,100.0,PACB
2026-01-21,4.460000038146973,4.480000019073486,4.25,4.309999942779541,2392000.0,0.0159453698838982,4.36564541168857,4.298376377180502,4.28079999923706,4.167999998728434,4.088999991416931,3.967800002098084,2.846700004339218,3.4200000762939453,4.949999809265137,3.4200000762939453,5.190000057220459,2.990000009536743,5.190000057220459,1.6299999952316284,5.230000019073486,1.3799999952316284,5.230000019073486,1.1100000143051147,5.230000019073486,4394480.0,4618946.0,4556200.4291845495,17621345.211520195,1,False,159,159,510731811.94024086,159,0.0769083549789835,0.3385714633124215,0.0759128835014741,1.195202152300497,0.2067515406541611,-3.7849511887446887,-1.000511777646791,4.570000171661377,4.199999809265137,3018200.0,True,False,True,0.0515695105619429,0.2286994918797626,0.2286994918797626,1.0,0.8301504282578753,0.0907312417482988,0.8527724707230647,True,False,0.0695443540880609,1.053854915502682,0.1319796886737501,1.1088498343393067,1.934210588231973,2.6926668198687724,0.0,0.0,0.9645054181223776,48.0,67.0,67.0,73.0,73.0,98.0,98.0,85.0,71.0,81.0,96.0,84.61538461538461,PGEN
2026-01-21,2.640000104904175,2.720000028610229,2.549999952316284,2.700000047683716,5488400.0,0.0,2.6516563156600186,2.6117010372198464,2.624399995803833,2.609333332379659,2.426800007820129,2.3236000037193296,1.885050002336502,2.220000028610229,2.9600000381469727,1.7799999713897705,2.9600000381469727,1.690000057220459,3.359999895095825,1.3600000143051147,3.359999895095825,1.3600000143051147,3.359999895095825,0.9900000095367432,3.359999895095825,3870535.0,3491496.0,1918016.738197425,11216993.466684818,-1,False,114,114,28666170.50626278,114,0.0751645727345344,0.22285715171269,0.0844155844155844,1.040712519339883,0.0,7.127962165621228,4.711652512887271,2.8399999141693115,2.619999885559082,4799200.0,False,False,True,0.0643939657343748,0.2121211820178573,0.2803030227771916,0.7567566696791176,1.2559200984334509,0.0878523555286914,0.7857143414669314,False,False,0.0434783141337267,1.0281712454159129,0.0272374215874207,1.0062477764851807,0.4666667638001645,1.345930979367318,0.0,0.0,2.0179881243568163,93.0,58.0,58.0,54.0,54.0,86.0,86.0,72.0,85.0,85.0,89.0,46.15384615384615,PLG
2026-01-21,9.649999618530272,9.93000030517578,9.010000228881836,9.489999771118164,1943800.0,0.0276889526838415,9.188894204862226,8.947999631384425,8.570400009155273,8.688666693369548,8.83539999961853,8.06189998626709,6.587649992704391,7.679999828338623,10.479999542236328,6.625,11.399999618530272,5.480000019073486,11.399999618530272,3.839999914169312,11.399999618530272,3.839999914169312,11.399999618530272,2.825999975204468,11.399999618530272,1459930.0,1557286.0,1169774.2489270386,10215628.87693882,1,False,208,208,65382827.24189758,208,0.0731512490239241,0.7405713626316616,0.0767431494203989,1.2013743872181577,0.351079299479793,7.231957735908639,3.7834863354380985,9.880000114440918,9.18000030517578,1525300.0,False,False,False,0.0953367992395904,0.2704662963577151,0.2860103483055924,0.9456521344770746,0.9714721637515524,0.0921972541081233,0.8464912229334254,False,False,0.2176655377008205,1.1998032689709008,-0.0464427146584738,0.9340731538414836,0.5007775857163017,1.377233803622812,0.0,0.0,1.2480442284817803,76.0,89.0,89.0,36.0,36.0,87.0,87.0,81.0,83.0,90.0,95.0,96.15384615384616,PSNL
2026-01-21,87.81999969482422,91.25,82.70999908447266,90.0199966430664,30538700.0,-0.0150292049377138,87.32988711293932,81.21864788301168,77.2272006225586,73.94033393859863,62.35550041198731,58.95615005493164,45.78160002708435,49.220001220703125,99.58000183105467,37.56999969482422,99.58000183105467,37.56999969482422,99.58000183105467,37.56999969482422,99.58000183105467,25.709999084472656,99.58000183105467,14.710000038146973,99.58000183105467,25674590.0,25054448.0,21771647.21030043,2359323861.3731384,-1,False,208,208,3756904237.6922607,15,0.0835227886209615,7.192499433244977,0.0819004720819746,4.986249054669304,-0.186305745272836,5.57568247929112,3.022913155072847,98.2699966430664,88.30000305175781,29300900.0,False,False,True,0.0972443742337049,0.2018902689426738,0.3726941866393854,0.5417049049332784,1.0985825750381728,0.408376151495716,0.8819039775056217,False,False,0.4656208674642219,1.444121274201317,0.303934694646929,1.2772912664559637,0.8732934661674687,1.7190842335776233,0.0,0.0,1.1792672254882506,71.0,96.0,96.0,89.0,89.0,93.0,93.0,97.0,97.0,96.0,93.0,84.61538461538461,RKLB
2026-01-21,117.52999877929688,118.43000030517578,114.80500030517578,115.5999984741211,3876200.0,0.0112717049116704,112.7909854092553,103.01565772390872,94.08999908447264,91.51433232625324,83.48899963378906,65.83154994964599,51.92312494277954,73.0,124.48999786376952,53.665000915527344,124.48999786376952,42.18000030517578,124.48999786376952,34.0,124.48999786376952,34.0,124.48999786376952,29.170000076293945,124.48999786376952,3670807.5,3484084.0,2359126.60944206,521093286.69059753,1,False,208,208,2466976419.308472,12,0.0562913439819241,6.9868572780064175,0.0594474376803717,6.85866989648877,0.1874945353066573,22.231382828560005,17.862538175189457,119.75,113.95999908447266,5311000.0,True,False,False,0.0308431892933751,0.3790521218843988,0.4101931386471258,0.9240820632313976,2.295168543582761,0.4077303512417578,0.9440919013261688,False,False,0.5472617192714229,1.5245645140295558,1.1760785490052297,2.1316145181021944,2.0710738796308026,2.8182635459816447,0.0,0.0,1.556002753437704,88.0,97.0,97.0,99.0,99.0,98.0,98.0,95.0,97.0,98.0,98.0,80.76923076923077,RVMD
2026-01-21,32.7400016784668,34.63999938964844,32.209999084472656,34.18000030517578,1565800.0,-0.0087798096139152,31.64153571597997,30.98383621574639,30.69840003967285,30.48633340199789,28.622800064086917,25.40140007019043,19.76185004234314,27.780000686645508,34.63999938964844,21.670000076293945,34.63999938964844,18.51000022888184,34.63999938964844,15.109999656677246,34.63999938964844,13.93000030517578,34.63999938964844,9.399999618530272,34.63999938964844,1117372.5,1068928.0,1047631.7596566523,34022706.81248665,-1,False,324,324,157933682.01007843,124,0.0453973229001014,1.590714045933315,0.0485862542572663,2.960578622496416,-0.1823062426408192,11.204799924405162,8.534104212138583,33.15999984741211,31.75,1406900.0,False,False,False,0.0742211417409303,0.1521074919648428,0.1838728845995879,0.8272426480722308,1.0944609926954856,0.1438434257012382,0.9451501805814286,False,False,0.1507908892964156,1.1339096230700847,0.2312900146892385,1.2061309425184437,0.92361931832572,1.7652672692573483,0.0,0.0,1.0665698989177306,61.0,83.0,83.0,84.0,84.0,94.0,94.0,70.0,86.0,90.0,92.0,96.15384615384616,SA
2026-01-21,16.059999465942383,17.920000076293945,16.010000228881836,17.079999923706055,2977800.0,0.0006230672496696,15.661935643501575,15.442779999850424,15.189999923706054,15.25366662343343,15.161799945831298,15.118200006484985,12.390899999141691,14.029999732971191,17.920000076293945,13.529999732971191,17.920000076293945,13.529999732971191,17.920000076293945,9.369999885559082,17.920000076293945,8.479999542236328,17.920000076293945,7.539999961853027,17.920000076293945,1627195.0,1779472.0,2032129.6137339056,24235813.130774494,1,False,254,254,63420537.31842041,70,0.0452580280614243,0.7585714203970773,0.0472335893911914,1.2542124480040315,0.0131829760691501,-2.66580339742771,-2.6573776113920458,16.139999389648438,15.020000457763672,1866700.0,False,False,False,0.1189290106430294,0.2316314066459107,0.2422167168543235,0.9562981847583244,1.0281645341989083,0.0592409557783435,0.8962053235249633,False,False,0.0600659980412852,1.0445156000525098,0.0728122364375825,1.0508913565796745,0.5885262127912538,1.4577589770924275,0.0,0.0,0.8007338651052555,28.0,64.0,64.0,64.0,64.0,89.0,89.0,62.0,53.0,48.0,84.0,96.15384615384616,SBH
2026-01-21,9.050000190734863,9.399999618530272,8.710000038146973,9.270000457763672,3992500.0,-0.0173724046416291,9.154721264537416,9.041908908288251,8.988800010681153,8.928666718800862,8.632500066757203,8.57785002708435,6.73592501282692,7.684999942779541,10.05500030517578,7.239999771118164,11.359999656677246,6.474999904632568,11.359999656677246,4.429999828338623,11.359999656677246,3.990000009536743,11.359999656677246,2.7100000381469727,11.359999656677246,3776377.5,4109300.0,5953694.849785408,30221124.99042034,-1,False,251,251,127206489.47238922,98,0.0612292333081325,0.6227142470223563,0.0688082026406887,0.7028777646494139,-0.2569394359887917,0.4059127915727636,-0.2629635656717889,9.300000190734863,8.479999542236328,4221200.0,False,False,True,0.0762430459492921,0.1767956185357611,0.1793370288124499,0.9858288592516684,1.0293748326965664,0.0483637556616312,0.7966549704440705,False,False,0.0474536841574282,1.032088299649715,-0.1413662027050148,0.8410892469317791,0.5083333651224773,1.3841675924199943,0.0,0.0,0.6342914098353754,15.0,60.0,60.0,25.0,25.0,87.0,87.0,70.0,64.0,76.0,90.0,50.0,SHLS
2026-01-21,33.88999938964844,36.040000915527344,31.43000030517578,35.58000183105469,3052500.0,-0.0255894025556497,30.66632110749458,27.14284002891189,23.654399757385253,22.89233312606812,20.55939981460571,17.945399913787842,13.58087494134903,14.8100004196167,36.26800155639648,12.800000190734863,36.26800155639648,10.130000114440918,36.26800155639648,8.489999771118164,36.26800155639648,8.319999694824219,36.26800155639648,5.670000076293945,36.26800155639648,1986705.0,2128112.0,1337229.184549356,65327155.965213776,-1,False,76,76,135527749.36828613,76,0.1047085203398665,3.334071568080357,0.0983792159376295,6.590766020999427,-0.266940697425061,9.266131044007947,4.884620738482704,36.26800155639648,32.060001373291016,3172000.0,False,False,False,0.1360283473997249,0.2940985878078266,0.5655946155248839,0.5199812369764109,1.240611396392671,0.6483943935742942,0.9344325006976116,False,False,1.159974524920957,2.12828926799337,1.131446553630866,2.087894492758737,2.296692633264625,3.0253093982072694,0.0,0.0,1.485687736219664,86.0,99.0,99.0,98.0,98.0,98.0,98.0,98.0,98.0,98.0,98.0,96.15384615384616,SKYT
2026-01-21,4.940000057220459,5.045000076293945,4.804999828338623,4.909999847412109,2757400.0,0.0122950699533774,5.030367004546631,4.948582676258008,4.934400024414063,4.902333354949951,4.491199998855591,4.076199996471405,3.047199996709824,4.420000076293945,5.400000095367432,2.9100000858306885,5.400000095367432,2.8399999141693115,6.400000095367432,2.200000047683716,6.400000095367432,1.7699999809265137,6.400000095367432,1.0800000429153442,6.400000095367432,3339422.5,3607034.0,3043677.253218884,13360481.895198822,1,False,96,96,94699544.47431564,33,0.0548853772522424,0.2798571246010916,0.0566512391415954,1.76392898177862,0.2143949090632048,3.4575190718612783,2.863818946608468,5.080999851226807,4.75,3409400.0,True,True,True,0.0485830455820603,0.1315789651494783,0.1923077479956189,0.6842104206455369,0.8240232833957207,0.0999287625755316,0.771874997438863,False,False,-0.0294695659863915,0.9562934576960804,0.1461717222285223,1.1227518806512726,0.8571428187295536,1.7042631049749632,0.0,0.0,1.0971670851330726,64.0,25.0,25.0,75.0,75.0,93.0,93.0,54.0,92.0,90.0,92.0,57.692307692307686,SLI
2026-01-21,11.907452583312988,12.566757687151286,11.657715743818454,12.556767984930598,9910100.0,-0.0261437821833764,10.544938373808757,9.759763187101264,9.269432601928711,9.087757364908857,8.266888971328735,7.164750308990478,5.66985671877861,7.701884188753453,12.566757687151286,5.943736743500315,12.566757687151286,4.99473677109524,12.566757687151286,4.2555159711418495,12.566757687151286,3.955831879953792,12.566757687151286,3.137237090831968,12.566757687151286,5978972.5,5666552.0,6111369.098712446,59112925.19896984,-1,False,124,124,141552094.9497223,1,0.0577444083693821,0.673789953137503,0.0565855667636037,7.782530814250739,-0.4744253699569373,13.542865318654094,8.524653875037233,12.406926463307244,11.697673789545316,11576900.0,False,False,False,0.0763422685895686,0.3431208206299702,0.3883388623342362,0.8835603487313417,1.160527601264402,0.4403789169795886,0.947535782876406,False,False,0.4089834640751149,1.3883147003694063,0.690780080570863,1.6562322018708473,1.498951804208695,2.293238472600041,0.0,0.0,0.9783360165989092,50.0,95.0,95.0,97.0,97.0,97.0,97.0,94.0,96.0,96.0,96.0,96.15384615384616,SVM
2026-01-21,7.059999942779541,7.360000133514404,6.949999809265137,7.210000038146973,11469800.0,-0.0125874337604838,6.7231821602125565,6.314782167805179,6.006399974822998,5.889999977747599,5.419999990463257,4.689900014400482,3.7076000040769577,5.03000020980835,7.429999828338623,3.930000066757202,7.429999828338623,3.470000028610229,7.429999828338623,2.990000009536743,7.429999828338623,2.7699999809265137,7.429999828338623,1.6699999570846558,7.429999828338623,7039067.5,6814624.0,8928539.055793991,46856015.30679703,-1,False,229,229,144980655.2889347,229,0.0492580503499793,0.3807143143245152,0.0539255407096543,5.611126260079619,-0.2363981316215387,12.703592633393164,8.227393243955635,7.21999979019165,6.829999923706055,8528100.0,False,False,False,0.0580737007892735,0.2478753561166489,0.2776204042539008,0.8928571254796958,1.3101030959301645,0.3025830175649338,0.950201898505048,False,False,0.3735408805772438,1.353392033820254,0.778337504257153,1.7420005559510068,1.0463767667248387,1.8779193432161,0.0,0.0,0.7883784184638967,26.0,95.0,95.0,97.0,97.0,95.0,95.0,90.0,93.0,94.0,93.0,88.46153846153845,TGB
2026-01-21,12.510000228881836,12.699999809265137,12.18000030517578,12.5,4609100.0,0.0,11.656940882151948,10.841335363311012,9.99659999847412,9.875166702270509,9.587199983596802,8.638999981880188,6.396149990558624,8.300000190734863,13.460000038146973,7.119999885559082,13.460000038146973,6.380000114440918,13.460000038146973,5.769999980926514,13.460000038146973,4.599999904632568,13.460000038146973,1.0299999713897705,13.460000038146973,3114900.0,3105828.0,2456750.2145922747,36162427.04417229,-1,False,90,90,94298513.06648254,33,0.0897338413192845,1.1075000081743511,0.0885291756923765,3.443665249129583,0.0,3.426045499073884,-0.3622604447996737,13.460000038146973,12.279999732971191,4188900.0,False,True,False,0.0415667062010784,0.3029576253006818,0.4124700042370278,0.7344961383581867,1.4731949096987986,0.3048648458659246,0.9294205195711186,True,False,0.4787234246422003,1.4570316263853,0.3672131967685552,1.3392767926070672,0.8727545734074049,1.7185897023874248,0.0,0.0,1.2678944654196165,78.0,96.0,96.0,91.0,91.0,93.0,93.0,93.0,93.0,93.0,92.0,92.3076923076923,TNGX
2026-01-21,11.4399995803833,11.520000457763672,10.699999809265137,11.0600004196167,2278100.0,0.0177935776990891,10.861781112536136,10.27160634296931,9.86559986114502,9.68266658782959,8.931999959945678,7.4826999855041505,5.373599990606308,8.149999618530273,11.880000114440918,6.699999809265137,11.880000114440918,4.710000038146973,11.880000114440918,3.819999933242798,11.880000114440918,3.1700000762939453,11.880000114440918,2.0299999713897705,11.880000114440918,2197875.0,2131490.0,1881846.3519313305,21051574.6493721,1,False,99,99,84549695.54185867,99,0.047389943605981,0.5507142203194755,0.0481393566887721,5.832818621148689,0.3631644179246263,15.395898216530249,12.976291606561578,11.579999923706056,11.130000114440918,1676600.0,False,False,False,0.0716783809944039,0.2106643300533549,0.2491259166090141,0.8456138683635152,1.096115862612539,0.2807881361043889,0.962962918365399,False,False,0.2810749372262324,1.2622824986760643,0.5628414360797525,1.5309077405143232,2.259259148565817,2.9909574322629027,0.0,0.0,1.167935414995135,71.0,92.0,92.0,96.0,96.0,98.0,98.0,90.0,92.0,96.0,97.0,92.3076923076923,TTI
2026-01-21,99.87000274658205,101.05999755859376,94.4000015258789,99.33000183105467,2327400.0,0.0208525082014234,90.64749803171487,83.37784823530075,76.93559936523438,76.89766591389974,72.84199951171875,64.24159969329834,49.46229990005493,61.380001068115234,106.68000030517578,55.43999862670898,106.68000030517578,46.0099983215332,106.68000030517578,39.20000076293945,106.68000030517578,35.52000045776367,106.68000030517578,15.770000457763672,106.68000030517578,2155192.5,2196932.0,1818284.9785407728,180405442.13359836,1,False,8,8,626283741.6511536,8,0.0654271303813236,6.692856924874442,0.0670156878022465,5.536759051677624,0.3048027080850252,9.856230508006082,5.369833528125431,102.19000244140624,97.19000244140624,2628200.0,False,True,False,0.0666866511420295,0.4037248281361856,0.4153399641150326,0.972034629502616,1.3950317988904526,0.37104971604349,0.9361642525392516,False,False,0.4885975286628259,1.466760884474081,0.7233822507635155,1.6881682086551912,1.2173623604912556,2.034829428966902,0.0,0.0,1.185288623860054,72.0,97.0,97.0,97.0,97.0,96.0,96.0,95.0,94.0,95.0,95.0,92.3076923076923,TTMI
2026-01-21,22.68000030517578,22.700000762939453,21.347999572753903,22.200000762939453,2318700.0,0.0285714780006141,20.696829507189832,19.49920513078977,18.25280002593994,18.03866672515869,17.745800037384033,15.266800050735474,13.013000028133392,15.18000030517578,22.700000762939453,12.34000015258789,22.700000762939453,11.15999984741211,22.700000762939453,11.15999984741211,22.700000762939453,10.380000114440918,22.700000762939453,6.78000020980835,22.700000762939453,2455025.0,2703422.0,3184799.141630901,45375444.15513992,1,False,208,208,210078426.80168152,208,0.0632067865259677,1.4078568049839564,0.0620748141993045,4.4792547272655,0.4474894505499184,3.327119996905707,-0.9827615807962444,22.20499992370605,19.34000015258789,2947000.0,False,False,False,0.05961204462052,0.189373898522999,0.2998236795815808,0.6316175519801501,1.0327133536680548,0.2780489049463623,0.9991189225950896,False,False,0.4175000190734863,1.3967063236937474,0.7260273753874664,1.6907592851828197,0.7459584838178572,1.602231447565433,0.0,0.0,0.77085709045463,24.0,96.0,96.0,97.0,97.0,91.0,91.0,93.0,94.0,94.0,90.0,100.0,TXG
2026-01-21,7.130000114440918,7.340000152587891,6.880000114440918,7.139999866485596,9559700.0,0.0288600708595172,6.299298445243543,5.925435927298934,5.774800052642823,5.688666693369547,5.070200018882751,4.334000012874603,3.144025002717972,4.449999809265137,7.340000152587891,3.5199999809265137,7.340000152587891,2.690000057220459,7.340000152587891,2.174999952316284,7.340000152587891,1.7999999523162842,7.340000152587891,1.0,7.340000152587891,5051985.0,4675920.0,1978123.6051502144,37067579.60086584,1,False,14,14,96557879.9627304,14,0.0686268735052784,0.4307143347603934,0.0604087416335429,6.725122388137748,0.4643455533318973,13.298712350396748,8.417197419227605,6.940000057220459,6.579999923706055,5823700.0,False,True,False,0.0645161333469406,0.3492286406717077,0.3492286406717077,1.0,1.6233896217215007,0.4062561807989688,0.9713896411741992,False,False,0.3402255421759315,1.3205654072276674,0.5399567901094706,1.508490698806807,1.7689320320030872,2.5409939691953323,0.0,0.0,2.553927867220594,95.0,94.0,94.0,95.0,95.0,98.0,98.0,95.0,96.0,97.0,97.0,100.0,USAS
2026-01-21,7.929999828338623,7.96999979019165,7.590000152587891,7.679999828338623,957700.0,0.0285343435931455,7.639198096042906,7.416687760398833,7.398399982452393,7.2246666431427,6.278399991989136,5.600599985122681,5.034199991226196,5.420000076293945,9.600000381469728,4.269999980926514,9.600000381469728,4.269999980926514,9.600000381469728,4.139999866485596,9.600000381469728,4.139999866485596,9.600000381469728,3.809999942779541,9.600000381469728,2087470.0,1894644.0,841627.4678111587,23346984.988820557,1,False,21,21,210025360.73303223,21,0.0616279993912762,0.6521427971976144,0.0822374289173524,3.198794394823521,0.3373491068781756,4.204065380995096,1.9091842449242145,7.730000019073486,7.139999866485596,1146100.0,False,False,True,0.0479192491588454,0.1803279112397375,0.3656999539698798,0.4931034562136966,0.7174540441370516,0.2630606266655246,0.8260416159613285,False,False,0.1889055078909043,1.171465127902383,0.4878048671386727,1.457404401300534,0.6836517545886212,1.545053798788968,0.0,0.0,2.480277889965895,95.0,87.0,87.0,95.0,95.0,90.0,90.0,92.0,94.0,92.0,88.0,84.61538461538461,VNDA
2026-01-21,42.63999938964844,43.209999084472656,40.65999984741211,42.54999923706055,1792000.0,0.0171756023891362,41.82270369222243,39.99179490238222,38.07,37.87466672261556,36.520400047302246,34.93590002059936,24.62170001506805,32.060001373291016,46.43000030517578,29.1299991607666,46.43000030517578,26.100000381469727,46.43000030517578,15.270000457763672,46.43000030517578,12.399999618530272,46.43000030517578,7.360000133514404,46.43000030517578,1739652.5,1903550.0,3015876.3948497856,68045555.0015068,1,False,168,168,495910968.5600281,168,0.063586535922161,2.955714634486607,0.0693178864163904,2.417364561124021,0.2435963243211351,-0.8283200382181697,0.6235552224655226,45.52999877929688,41.5,2308300.0,False,True,True,0.0598029848396198,0.2047373280299736,0.2980769058725225,0.6868607530351005,1.0285939428961677,0.1675666020750024,0.9183717232260096,False,False,0.3168621983659005,1.2975447866964378,0.149635999305147,1.12614537180748,1.920547827092319,2.6801287751435283,0.0,0.0,0.5768314984562384,13.0,93.0,93.0,76.0,76.0,98.0,98.0,87.0,84.0,87.0,96.0,88.46153846153845,VSAT
2026-01-21,110.38999938964844,112.0,106.4499969482422,108.0999984741211,3587900.0,0.0231717491347012,111.9927685199072,109.501104759705,106.9543994140625,105.06799926757812,104.6529997253418,95.740599899292,72.63774996757508,91.05699920654295,119.9800033569336,82.54000091552734,119.9800033569336,73.61000061035156,119.9800033569336,62.38999938964844,119.9800033569336,47.209999084472656,119.9800033569336,20.40999984741211,119.9800033569336,2757325.0,2983180.0,4596751.502145923,258654500.92010495,1,False,293,293,1861990845.3201292,85,0.0453465398642864,6.170357295445034,0.0558959808819751,0.9807370031058764,0.4051629233602896,2.8242846707022737,1.171971653402227,113.4000015258789,105.86000061035156,3762400.0,True,False,True,0.0502763210657128,0.127910162375688,0.2042757783896897,0.6261641168816318,0.9512969381666544,0.0548192567758516,0.9200699808387616,False,False,0.121165959944206,1.1047192699071573,0.3279201616370755,1.3007866359972102,0.8267416652684283,1.6763645698327272,0.0,0.0,0.5998420838526479,14.0,79.0,79.0,90.0,90.0,93.0,93.0,76.0,75.0,82.0,85.0,73.07692307692307,W
2026-01-21,13.119999885559082,13.84000015258789,12.3100004196167,13.289999961853027,27823600.0,-0.0157539414365268,13.402403686891676,13.251982085901892,12.74520004272461,13.170000044504802,13.19240005493164,12.729600038528442,8.621850018501283,11.130000114440918,16.75,10.470000267028809,17.049999237060547,10.039999961853027,17.049999237060547,4.639999866485596,17.049999237060547,3.400000095367432,17.049999237060547,2.059999942779541,17.049999237060547,27664222.5,32136066.0,42354913.733905576,264533475.9063387,-1,False,160,160,2519607036.035061,160,0.0654945830911253,0.9399999891008648,0.0716463412576324,-0.0765987622903617,-0.2234042984913684,0.4962404117193379,1.1993029432848978,13.979999542236328,12.979999542236328,21570300.0,False,True,True,0.1166158343229279,0.182926874477051,0.260670739796139,0.7017545376213354,0.6814104128364685,-0.0054880210629675,0.769501493996606,False,False,0.1128074578464222,1.0964833809621872,-0.0527076155815368,0.9279362642663448,1.4942964476539795,2.2889663442872967,0.0,0.0,0.6531526111421279,16.0,77.0,77.0,35.0,35.0,97.0,97.0,70.0,65.0,67.0,96.0,61.53846153846154,WULF
