date,close,high,low,open,volume,price_chg_pct0,ema10,ema20,sma25,sma30,sma50,sma100,sma200,min30,max30,min60,max60,min90,max90,min120,max120,min150,max150,min252,max252,vol_sma40,vol_sma50,vol_sma252,avg_dollar_vol,adr_pct,atr14,atr_pct,atr_multi_50sma,vars_norm_change,vars,vars_20ema,previous_session_high,previous_session_low,previous_session_volume,inside_day,tight_day,close_to_ma,range_pct,range10_pct,range20_pct,range_contraction_10_20,vol_dry_10_50,dist_sma50_pct,close_vs_252h,nr7,nr20,perf_1mo,rela_perf_1mo,perf_3mo,rela_perf_3mo,perf_6mo,rela_perf_6mo,perf_12mo,rela_perf_12mo,vol_ratio,vol_ratio_rank,perf_1mo_rank,rela_perf_1mo_rank,perf_3mo_rank,rela_perf_3mo_rank,perf_6mo_rank,rela_perf_6mo_rank,c0_c30_rank,c0_c60_rank,c0_c90_rank,c0_c120_rank,rs_sts_pct,coiled_theme_score,coiled_is_candidate,coiled_flags,ticker
2026-06-04,202.88999938964844,209.63999938964844,171.0919952392578,173.39999389648438,14399786.0,0.1022436644568627,185.1396417342681,179.08341719936135,180.18760009765623,174.68199971516927,155.49120025634767,109.68860023498536,69.36137512207031,132.6300048828125,233.6699981689453,78.57499694824219,233.6699981689453,35.099998474121094,233.6699981689453,26.799999237060547,233.6699981689453,18.5,233.6699981689453,15.289999961853027,233.6699981689453,11756119.65,12051639.72,7280611.055555556,2327098277.518092,0.1503949468817964,22.366642543247767,0.1102402415620931,2.765167008609438,0.8414312532173599,10.61597412354222,9.90875016094321,205.0,180.5500030517578,9948700.0,False,False,False,0.1899945993708617,0.2986347110264812,0.4440336961353802,0.6725496592389947,0.9692273310008972,0.3048326789886348,0.8682757777186154,False,False,0.1236085238970694,1.0754467640734484,1.0060312498915636,1.8067058881723628,6.797463328987432,7.021306175175788,11.10560839014884,9.52953690244038,1.6147160671396332,87.0,84.0,84.0,97.0,97.0,99.0,99.0,92.0,97.0,99.0,99.0,92.3076923076923,49.0,False,volDry=0.97; 50SMA=+30.5%; 252H=0.87x; prior=15.3x,AAOI
2026-06-04,143.64999389648438,145.76499938964844,138.1999969482422,144.00999450683594,998764.0,-0.0310287089613195,140.48487395433227,133.30204784290947,129.1211996459961,123.08399963378906,109.21119995117188,101.01252838134764,95.14845447540284,85.62999725341797,150.4600067138672,76.83999633789062,150.4600067138672,76.83999633789062,150.4600067138672,73.0979416440298,150.4600067138672,73.0979416440298,150.4600067138672,61.78025587261198,150.4600067138672,1209871.6,1110257.28,1102288.746031746,204567449.4049408,0.0665848963412847,7.725712367466518,0.0537815015365315,5.8633771718791605,-0.5954151390474427,2.638823272660563,2.665722468313745,150.4600067138672,141.1300048828125,1190800.0,False,True,True,0.0526627411265862,0.1571180527893577,0.1756352553353715,0.8945701276736518,0.9633140167295275,0.3153412283786829,0.954738717841921,False,False,0.5337389310246066,1.4679975589567391,0.5566115862018106,1.401941928143021,0.5795180750181013,1.4222933210468252,0.5101830018377904,1.1888163057680463,1.0975995213192131,63.0,97.0,97.0,93.0,93.0,90.0,90.0,94.0,92.0,90.0,89.0,92.3076923076923,71.0,False,tight; volDry=0.96; 50SMA=+31.5%; 252H=0.95x; prior=2.4x,AAON
2026-06-04,6.369999885559082,6.695000171661377,5.554999828338623,5.554999828338623,10260799.0,0.1136363844771493,5.758280339603796,5.328442716954191,5.072799987792969,4.905333320299785,4.383399996757508,3.984999990463257,4.205149999856949,3.759999990463257,6.789999961853027,3.220000028610229,6.789999961853027,2.744999885559082,6.789999961853027,2.744999885559082,6.789999961853027,2.744999885559082,6.789999961853027,2.2699999809265137,6.789999961853027,8023804.975,6948061.98,5471093.25,48716909.89668708,0.1010415523714811,0.541785751070295,0.0850527097023242,5.328575816879956,1.1997364162556134,-0.3393859564401369,0.4954733714901416,6.010000228881836,5.610000133514404,7077600.0,False,False,False,0.1789639503616252,0.3673469693292645,0.4474097261906669,0.8210527125928349,1.2623606302372103,0.4532098120799159,0.9381443183131736,False,False,0.3669528099011863,1.3083604696683564,0.7743732695974266,1.598066148855162,0.8410404090546137,1.6577838006353196,1.7575757763414863,2.1707641016461774,1.466581651665323,84.0,95.0,95.0,95.0,95.0,94.0,94.0,95.0,93.0,94.0,93.0,96.15384615384616,36.0,False,volDry=1.26; 50SMA=+45.3%; 252H=0.94x; prior=3.0x; blind=VARS,ABCL
2026-06-04,7.340000152587891,7.389999866485596,5.920000076293945,5.989999771118164,9156875.0,0.2356902494749373,6.13899019680947,5.694339205045756,5.598600025177002,5.409833359718323,4.507100028991699,3.655200018882752,3.491425014734268,3.630000114440918,7.389999866485596,2.240000009536743,7.389999866485596,2.240000009536743,7.389999866485596,2.240000009536743,7.389999866485596,2.240000009536743,7.389999866485596,2.240000009536743,7.389999866485596,5026184.375,4857265.5,4629699.900793651,29080584.677858356,0.1153742146279981,0.6082143442971366,0.0828629879636577,7.58531249157305,2.3018202521765527,3.0388491571618275,-0.5494493390203458,6.309999942779541,5.699999809265137,5123600.0,False,False,False,0.2002724468164169,0.3542234128858808,0.3950953726267932,0.8965516617692203,1.0433252001563431,0.6285416576898006,0.9932341387278694,False,False,0.3083778926739029,1.252296276625867,1.833976986806983,2.5523844203752653,1.4224423174569378,2.181313137996671,1.6402878518442925,2.0784350283204454,1.0856393465456329,62.0,93.0,93.0,98.0,98.0,97.0,97.0,97.0,98.0,97.0,97.0,100.0,32.0,False,volDry=1.04; 50SMA=+62.9%; 252H=0.99x; prior=3.3x,ABSI
2026-06-04,90.20500183105467,91.55999755859376,83.5999984741211,85.60199737548828,1666815.0,0.0151361828884168,84.29496490416697,76.63786328428283,70.21459945678711,67.22883288065593,58.617799606323246,56.78124973297119,46.43479990005493,47.72999954223633,94.21199798583984,37.15999984741211,94.21199798583984,37.15999984741211,94.21199798583984,36.75,94.21199798583984,28.459999084472656,94.21199798583984,22.875,94.21199798583984,1557440.375,1443036.3,1420429.0277777778,153733196.4675522,0.0929519753134164,7.003071103777204,0.0776350641496941,6.941026983585055,0.1920587697556975,1.726552033415306,4.037711630956236,93.5,86.62999725341797,1621500.0,False,False,False,0.0882434335446383,0.278388104894129,0.4624133600037214,0.6020330054734763,1.3803128168016283,0.5388670751353835,0.9574683029714812,False,False,0.7084280896682174,1.6351989341566968,0.8672117422237544,1.6816799086866612,1.7442958552564312,2.47112947147691,2.8631691801872634,3.0410874097763743,1.0964577212538191,63.0,98.0,98.0,96.0,96.0,98.0,98.0,96.0,96.0,95.0,94.0,92.3076923076923,39.0,False,volDry=1.38; 50SMA=+53.9%; 252H=0.96x; prior=4.1x; blind=VARS,ACMR
2026-06-04,32.36000061035156,33.45000076293945,29.604999542236328,30.530000686645508,3890560.0,0.0096724299741184,29.65392354049232,29.176435981371547,29.405023193359376,29.544452540079757,28.30474349975586,24.182073516845705,19.689331436157225,25.662138734049723,34.27607547663534,22.378964828529348,34.27607547663534,16.76181518996688,34.27607547663534,12.64356767197692,34.27607547663534,11.514944624004572,34.27607547663534,11.514944624004572,34.27607547663534,2068974.25,1882932.26,962404.7976190476,74548671.19827422,0.0705234927562805,1.9242318130492289,0.0594632811111162,2.4094077419033506,0.1611039642878436,7.097865814287671,7.668214124100854,32.459999084472656,29.3700008392334,3940236.0,False,False,False,0.1188195657658039,0.2406632225587316,0.246391607074504,0.9767508943028232,1.275118096919748,0.1432712898680987,0.9440987674452436,False,False,0.1651518375118241,1.1152093871273556,0.5472206640443071,1.393484116551977,1.6034965596735908,2.344345295415312,1.5043746580482082,1.9714441399597828,2.14979627607693,92.0,87.0,87.0,92.0,92.0,97.0,97.0,80.0,80.0,90.0,95.0,80.76923076923077,32.0,False,volDry=1.28; 50SMA=+14.3%; 252H=0.94x; prior=3.0x,ADEA
2026-06-04,18.07999992370605,18.125,15.963800430297852,16.0,4415047.0,0.1307067030959525,15.384671383798448,14.735369578170532,14.240800018310546,14.192000007629394,14.116000003814698,15.137799997329711,15.234725008010864,12.50100040435791,18.125,12.0,18.125,12.0,19.799999237060547,12.0,19.799999237060547,12.0,20.76000022888184,9.779999732971191,20.76000022888184,1761378.675,1841882.94,2049989.4722222225,25715300.61807813,0.0546435546342358,0.8140142985752651,0.0450229149341947,6.237181441286852,2.567522654388172,-3.345651691101972,-8.304086425100087,16.0,14.760000228881836,2236600.0,False,False,False,0.1195353749348436,0.2618915750363931,0.3110619258503446,0.8419274532569828,1.0705320393488198,0.2808160894601961,0.870905574391695,False,False,0.3120464640101783,1.255807600266138,0.1349654474163268,1.0221918311741658,-0.0326378059347829,0.8710712523099132,0.8189135499952269,1.4318490437154503,0.8592135222483053,34.0,94.0,94.0,74.0,74.0,39.0,39.0,90.0,83.0,79.0,76.0,100.0,26.0,False,volDry=1.07; 50SMA=+28.1%; 252H=0.87x; prior=2.1x; blind=VARS,ADPT
2026-06-04,17.270000457763672,17.315000534057617,16.100000381469727,16.639999389648438,1956751.0,-0.0165147503985501,17.075469533865334,16.56873729850941,16.2592000579834,16.32800006866455,15.605000019073486,12.821299982070922,10.874149968624115,14.100000381469728,19.979999542236328,9.880000114440918,19.979999542236328,9.15999984741211,19.979999542236328,8.229999542236328,19.979999542236328,7.110000133514404,19.979999542236328,7.110000133514404,19.979999542236328,2887098.775,2744803.02,1697681.5515873015,44232723.999615096,0.0726818968569487,1.2857141494750977,0.0744478352863684,1.4331726259466264,-0.2255548080396449,8.710289380412128,8.338978940484985,18.299999237060547,17.18000030517578,2140600.0,False,False,True,0.0703532206359433,0.3404747541927984,0.3404747541927984,1.0,1.2151345927912889,0.1066965995934066,0.8643644070789939,False,False,0.1287581857823616,1.080375693582991,0.7166997750902364,1.546123268043485,1.1242312687164446,1.9127859273276115,1.0807228989032862,1.6379454059481433,1.7006126810417506,88.0,84.0,84.0,95.0,95.0,96.0,96.0,76.0,90.0,90.0,91.0,69.23076923076923,50.0,False,volDry=1.22; 50SMA=+10.7%; 252H=0.86x; prior=2.8x; blind=RS,ADTN
2026-06-04,1.0700000524520874,1.159999966621399,1.0199999809265137,1.149999976158142,333287.0,-0.0854700070944812,1.435710967903785,1.598681688443643,1.7327999925613404,1.5296666582425436,1.329599996805191,2.746699993014336,9.554650011956692,0.4799999892711639,5.889999866485596,0.4799999892711639,5.889999866485596,0.4799999892711639,10.4399995803833,0.4799999892711639,19.07999992370605,0.4799999892711639,23.700000762939453,0.4799999892711639,50.52000045776367,14216552.175,11490287.74,2690744.238095238,54420059.44031093,0.590220846667936,0.5828571404729571,0.5447262728046047,-0.3584307552224079,-0.1715684645321902,-11.583337742952466,-12.98553504821342,1.2699999809265137,1.090000033378601,568700.0,False,True,False,0.1308411017121461,1.6728970786038164,5.037382805854535,0.33209647610254,0.0811136083873213,-0.1952466493508419,0.0211797316460169,False,False,1.1400001049041748,2.0482722754307483,-0.5327510610147511,0.4208216643447457,-0.942841875443405,0.0514686220349051,-0.9125816934264256,0.0688157052164051,5.283501855629287,98.0,99.0,99.0,3.0,3.0,1.0,1.0,98.0,95.0,94.0,92.0,30.76923076923077,84.0,False,tight; volDry=0.08; 50SMA=-19.5%; 252H=0.02x; prior=105.3x; blind=RS/VARS,AEHL
2026-06-04,116.58000183105467,119.46990203857422,103.18000030517578,105.33999633789062,1745890.0,0.0173663108191062,104.49098954801936,98.97805648987472,97.32959991455078,95.91266682942708,82.09360019683838,57.39030004501343,41.13480001449585,76.70999908447266,121.8000030517578,29.1299991607666,121.8000030517578,22.65999984741211,121.8000030517578,19.899999618530277,121.8000030517578,18.700000762939453,121.8000030517578,10.270000457763672,121.8000030517578,3141177.25,3312441.8,1850849.9603174604,246420439.9980011,0.1227550970887287,11.677134377615792,0.1001641293035665,4.193980043456881,0.1704189939767034,8.241572764006301,8.941209454130682,121.8000030517578,111.1999969482422,2769100.0,False,False,False,0.139731527513659,0.3584662914664261,0.3863441431472816,0.9278419197616052,0.6470480477573977,0.4200863593693928,0.9571428481944706,False,False,0.278429638226654,1.2236317082731507,1.8792293652349668,2.5931403849516204,4.190561290434349,4.673894381224072,10.384766058283285,8.962089701030497,1.6971539116337775,88.0,93.0,93.0,99.0,99.0,99.0,99.0,92.0,99.0,99.0,99.0,100.0,52.0,False,volDry=0.65; 50SMA=+42.0%; 252H=0.96x; prior=11.9x,AEHR
2026-06-04,18.25,18.36000061035156,17.399999618530273,17.829999923706055,2554351.0,0.0189838166099716,18.046027095824822,17.94670662452003,18.4092000579834,18.121666781107585,15.98240005493164,13.847500009536745,12.149550013542177,15.199999809265137,20.1299991607666,10.520000457763672,20.1299991607666,9.270000457763672,20.1299991607666,9.170000076293944,20.1299991607666,7.642000198364258,20.1299991607666,7.642000198364258,20.1299991607666,4703636.275,5050607.02,2911324.8055555555,60884502.9131752,0.0533683894899073,1.018571036202567,0.0558121115727434,2.542119644882395,0.3338011199056651,2.8615482663475884,3.874320733454287,18.71999931335449,17.84000015258789,3031300.0,False,False,True,0.0526027940723994,0.1917808219178082,0.1917808219178082,1.0,0.5841862351032808,0.141881065251439,0.9066070919451044,False,False,-0.0504682283042806,0.9088315454508212,0.6121908561838874,1.4519986729431666,1.0644796023739156,1.858981923875848,0.437988048847604,1.1319844269795514,1.615634320850856,87.0,30.0,30.0,94.0,94.0,95.0,95.0,73.0,89.0,91.0,90.0,26.923076923076923,63.0,False,volDry=0.58; 50SMA=+14.2%; 252H=0.91x; prior=2.6x; blind=1m/RS,AESI
2026-06-04,24.399999618530277,25.280000686645508,21.32999992370605,22.4950008392334,4132036.0,-0.0359541630428171,25.329732779061903,23.175585583713048,21.076599922180176,20.1668332417806,17.69739995956421,16.27260001182556,15.46820001602173,12.53499984741211,29.81999969482422,11.461000442504885,29.81999969482422,11.1850004196167,29.81999969482422,11.1850004196167,29.81999969482422,8.829999923706055,29.81999969482422,8.829999923706055,38.79999923706055,2194895.9,2008206.72,2465125.936507937,68864955.32904835,0.1432666085710727,2.844714300973074,0.1165866535019407,3.2485157563470914,-0.3198914727924808,-2.9708520699000203,0.2539700169331115,28.0,24.604999542236328,2018600.0,False,False,True,0.161885279700565,0.3732786862307484,0.7084016441658152,0.5269308580873018,1.5355459023660671,0.3787335808808332,0.6288659819153851,False,False,0.6010498677809388,1.532423315420635,0.6180371181682167,1.4572640325687742,1.2405875894660765,2.017560174916951,0.2379503171947052,0.974514691941862,0.8903788108729485,38.0,97.0,97.0,94.0,94.0,96.0,96.0,96.0,94.0,93.0,92.0,69.23076923076923,49.0,False,volDry=1.54; 50SMA=+37.9%; 252H=0.63x; prior=4.4x; blind=RS/VARS,AEVA
2026-06-04,3.200000047683716,3.289999961853028,2.7149999141693115,2.740000009536743,3971571.0,0.1347518168214794,2.927691280503665,2.700309695281536,2.453199963569641,2.151766633987427,1.7406599843502044,2.595929989218712,11.645764989554882,0.5400000214576721,9.199999809265137,0.5400000214576721,9.199999809265137,0.5400000214576721,9.199999809265137,0.5400000214576721,12.199999809265137,0.5400000214576721,20.600000381469727,0.5400000214576721,56.29999923706055,19102344.275,15387855.52,3309275.242063492,107989656.15898708,0.3837928236769188,0.9320000069481986,0.2912499978313489,2.8785689002288084,0.4077254416394427,-6.868942251558854,-9.816669815286126,2.880000114440918,2.549999952316284,2581800.0,False,False,True,0.1796875122236086,0.4968749657738959,2.6915623964136484,0.1846046617518335,0.5766493640694126,0.8383831859490289,0.0568383675141731,False,False,4.315614713990774,5.087769024210672,0.0,0.9006369608000996,-0.7255574537255296,0.2471246177874794,-0.917098441083382,0.0652601207229398,5.772364907032867,99.0,99.0,99.0,45.0,45.0,3.0,3.0,99.0,99.0,99.0,99.0,76.92307692307693,64.0,False,volDry=0.58; 50SMA=+83.8%; 252H=0.06x; prior=104.3x; blind=VARS,AIIO
2026-06-04,37.18999862670898,37.43999862670898,34.34000015258789,35.45000076293945,801550.0,-0.0066773506722741,36.51206772665901,34.6681358484358,34.12719970703125,32.782999738057455,27.42819984436035,21.540199966430663,17.323999967575073,23.770000457763672,38.9900016784668,14.520000457763672,38.9900016784668,13.520000457763672,38.9900016784668,13.520000457763672,38.9900016784668,12.0600004196167,38.9900016784668,7.559999942779541,38.9900016784668,991766.25,892401.0,764106.1507936508,45253683.37016106,0.0759145385134385,2.426071439470564,0.0652345127468818,5.455758317227322,-0.1030472540637785,7.065291349941118,7.34190096353264,38.9900016784668,36.2599983215332,1098200.0,False,False,True,0.0833557028392775,0.1250336568321189,0.2610917276250662,0.4788878528226301,1.2302260979088997,0.3559037354890721,0.953834240208512,False,False,0.2343179443275747,1.1814107946251966,1.3916397537324698,2.15399915913031,1.517941602849478,2.2673064532532865,3.683878886485553,3.687150224655222,1.297943026593735,77.0,91.0,91.0,98.0,98.0,97.0,97.0,93.0,96.0,96.0,95.0,80.76923076923077,42.0,False,volDry=1.23; 50SMA=+35.6%; 252H=0.95x; prior=5.2x,AIP
2026-06-04,158.97999572753906,160.8699951171875,154.6999969482422,157.06500244140625,4810656.0,-0.0086056677323522,152.6865141960915,145.06649174053942,141.41320037841797,133.9306671142578,122.6552001953125,111.49780014038086,96.22749980926514,93.51000213623048,165.4499969482422,88.5,165.4499969482422,88.5,165.4499969482422,84.54000091552734,165.4499969482422,70.81999969482422,165.4499969482422,69.77999877929688,165.4499969482422,6163136.4,5831701.12,3480074.4285714286,1069811358.5074066,0.0528772788470277,6.780713762555804,0.0426513646042401,6.943593405437628,-0.203519117770921,8.239562370567064,6.522546989138737,164.8000030517578,155.6300048828125,3618300.0,False,False,False,0.0388099027220977,0.145364204500028,0.338155717395855,0.4298735671822469,0.7307740078421576,0.2961537339989175,0.9608945219701204,False,False,0.3479734817414632,1.2901946613645277,0.5740593636390006,1.4176560413867685,0.8309339211677869,1.6486833095120954,1.0622649277439198,1.6234152880359778,1.7709783300611674,89.0,94.0,94.0,93.0,93.0,93.0,93.0,95.0,91.0,88.0,88.0,88.46153846153845,53.0,False,volDry=0.73; 50SMA=+29.6%; 252H=0.96x; prior=2.4x,AKAM
2026-06-04,16.389999389648438,16.969999313354492,15.739999771118164,16.030000686645508,37077.0,-0.0060643046002265,19.199568747361727,20.284943513116765,25.74539993286133,24.02716658910116,15.817815279960632,10.39624995470047,28.572364851236344,8.979999542236328,78.9000015258789,2.2972970008850098,78.9000015258789,2.2972970008850098,78.9000015258789,2.2972970008850098,78.9000015258789,2.2972970008850098,78.9000015258789,2.2972970008850098,209.23423767089844,3597704.475,2909867.86,666752.2380952381,15152244.418293,0.240886851948969,5.038571357727051,0.3074174219255494,0.1176686624987836,-0.0198469713674627,0.2199029950294813,-0.3457201103307638,16.760000228881836,15.60099983215332,31800.0,False,True,False,0.0750457344747168,0.9719341609760412,1.5960952301153952,0.6089449693460783,0.2992464750615858,0.0361733968668036,0.0783332573678885,False,False,-0.4536666870117187,0.5229155716271493,3.1919122287217343,3.7753910896167135,-0.2794891254011803,0.6487914389151664,-0.8145946584599154,0.1459511151503617,5.395864114798979,99.0,1.0,1.0,99.0,99.0,18.0,18.0,96.0,99.0,99.0,99.0,7.6923076923076925,100.0,False,tight; volDry=0.30; 50SMA=+3.6%; 252H=0.08x; prior=91.1x; blind=1m/RS/VARS,AKAN
2026-06-04,15.84000015258789,16.110000610351562,14.40999984741211,14.989999771118164,68434.0,0.057057091458101,14.063199009904558,11.539137157332984,8.99439998626709,8.440666643778483,6.985359997749328,8.2514799618721,17.029339996576308,3.015000104904175,29.31999969482422,3.015000104904175,29.31999969482422,3.015000104904175,29.31999969482422,3.015000104904175,29.31999969482422,3.015000104904175,33.599998474121094,3.015000104904175,55.59999847412109,1188328.35,960430.7,200355.6150793651,38105231.17671947,0.3584636986997125,4.504571625164577,0.2843795190512441,4.457422575261011,0.1898072818143737,-6.051418334772464,-8.816503607435775,16.054000854492188,13.050000190734863,59600.0,False,True,True,0.1073232794547487,1.652146423444397,1.6606691500329571,0.9948678961198316,4.801786740053188,1.267599688160884,0.2848920968938621,True,False,1.818505422622818,2.6976945010794986,0.6032388632704213,1.4439361772524786,0.1478260821490897,1.033571819268536,-0.7044776006806104,0.2326352810242542,5.931095814456102,99.0,99.0,99.0,93.0,93.0,68.0,68.0,99.0,99.0,99.0,99.0,80.76923076923077,66.0,False,tight; NR7; volDry=4.80; 50SMA=+126.8%; 252H=0.28x; prior=18.4x; blind=VARS,AKTX
2026-06-04,358.04998779296875,365.2300109863281,338.0199890136719,346.1099853515625,3726744.0,-0.0151015586260424,328.8255905963628,293.04497375195814,264.2576000976562,253.12066650390625,208.60980010986327,175.69685035705567,177.0414001083374,179.5399932861328,372.3699951171875,97.88999938964844,372.3699951171875,97.88999938964844,372.3699951171875,97.88999938964844,372.3699951171875,97.88999938964844,372.3699951171875,84.77999877929688,372.3699951171875,6232528.6,5776964.88,5657017.238095238,1712201236.0822418,0.0970789544290213,29.15764835902623,0.0814345743697824,8.796782750725589,-0.1882875012536324,5.998035055927531,3.17404303231673,372.3699951171875,337.0,5309500.0,True,False,False,0.0759950367276359,0.2526462632010584,0.5102080684371095,0.4951828064479162,1.0131002215820983,0.7163622591287828,0.961543605789956,False,False,0.660021251519229,1.5888669810438834,1.9837498982747397,2.6872754401697674,1.5048970314642331,2.255560334579121,2.7653801827973794,2.964107895055092,1.1017340654416214,63.0,97.0,97.0,99.0,99.0,97.0,97.0,96.0,98.0,98.0,97.0,96.15384615384616,59.0,False,inside; volDry=1.01; 50SMA=+71.6%; 252H=0.96x; prior=4.4x,ALAB
2026-06-04,53.619998931884766,54.38999938964844,50.0,50.880001068115234,2089551.0,0.0096026796398454,49.707359495098274,47.846103191176994,47.76360000610352,47.016333389282224,42.44800010681152,38.91290014266968,33.76612503051758,39.56999969482422,54.38999938964844,27.649999618530277,54.38999938964844,27.649999618530277,54.38999938964844,25.31999969482422,54.38999938964844,22.40999984741211,54.38999938964844,22.40999984741211,54.38999938964844,2382176.275,2261559.02,2154036.3134920634,125976446.63805218,0.0687130066880707,3.3164285932268416,0.0618505904380902,4.255296221612898,0.1537793765783998,4.686717395266941,5.134878542513819,54.09999847412109,49.02000045776367,2881800.0,False,False,False,0.0818724259063338,0.2012309050814087,0.2763894067519574,0.728070252207608,1.055791637045139,0.2631925837957323,0.9858429772677986,False,False,0.0793075403080967,1.033044674348472,0.6357535365666327,1.4732200937913866,1.0222515619901626,1.820957249927106,1.002240386745907,1.5761639595560242,1.1059127741157169,64.0,78.0,78.0,94.0,94.0,95.0,95.0,86.0,93.0,91.0,91.0,100.0,40.0,False,volDry=1.06; 50SMA=+26.3%; 252H=0.99x; prior=2.4x; blind=1m,ALGM
2026-06-04,20.68000030517578,21.239999771118164,19.38400077819824,19.582000732421875,2829822.0,0.0360722071006121,19.86320494343308,19.711978290956694,19.65940010070801,19.91716677347819,19.321700038909917,17.085850048065186,11.889275031089785,16.18000030517578,23.8700008392334,13.520000457763672,24.40999984741211,10.5600004196167,24.40999984741211,6.400000095367432,24.40999984741211,5.434999942779541,24.40999984741211,3.1600000858306885,24.40999984741211,4590690.55,4811000.44,3128438.8095238097,82898275.1996109,0.0804352182219896,1.3700711386544364,0.0662510212009782,1.0611038085200188,0.5255210480605021,6.622677075238897,5.833247886274815,21.0,19.81999969482422,2196700.0,False,False,False,0.0897484993003314,0.1813346201480205,0.2959380484318975,0.6127452049807987,0.7703849222678516,0.0702992109146984,0.8471937908417573,False,False,0.0324513028580994,0.9881968578087028,0.0715026488428718,0.9650348891431004,2.0367107898587027,2.7344375114652397,3.0849383318865744,3.2156641222249007,1.4674062142512432,84.0,67.0,67.0,65.0,65.0,98.0,98.0,82.0,84.0,91.0,97.0,65.38461538461539,69.0,False,volDry=0.77; 50SMA=+7.0%; 252H=0.85x; prior=7.7x; blind=1m/RS,ALM
2026-06-04,20.38999938964844,20.989999771118164,19.9950008392334,20.01000022888184,613471.0,0.0154382204741148,21.06283864632544,21.92327934455373,22.8042000579834,23.08950004577637,23.30089992523193,24.826999969482426,15.75384998679161,19.6200008392334,28.309999465942383,19.6200008392334,28.357999801635746,19.6200008392334,30.600000381469727,7.849999904632568,30.600000381469727,4.385000228881836,30.600000381469727,2.759999990463257,30.600000381469727,1030761.775,1220635.42,1426807.424603175,20239673.32774849,0.0597065255957567,1.2196426391601562,0.0598157271048935,-2.088523109517783,0.2541723747505645,-8.11278360985712,-3.788409329893303,20.459999084472656,19.75,1154500.0,False,False,False,0.0487983796796926,0.1520352411435037,0.2859244775978669,0.531732163754552,0.7630182483152914,-0.1249265283711793,0.6663398410281033,False,False,-0.219670874683249,0.7468815115637563,-0.2623010188167813,0.6643989683981839,1.7516868838761854,2.477784799331529,4.910144668936457,4.6524668489378405,0.7224252952613256,21.0,7.0,7.0,11.0,11.0,98.0,98.0,25.0,15.0,12.0,95.0,11.538461538461538,63.0,False,volDry=0.76; 50SMA=-12.5%; 252H=0.67x; prior=11.1x; blind=1m/RS/VARS,ALMS
2026-06-04,27.209999084472656,27.799999237060547,24.0,25.13999938964844,1025357.0,0.0152985022046245,25.14774233640285,24.20582038272452,24.91499984741211,23.96166648864746,19.9996999168396,18.25979994773865,17.513924980163573,17.559999465942383,31.790000915527344,10.239999771118164,31.790000915527344,10.239999771118164,31.790000915527344,10.239999771118164,31.790000915527344,10.239999771118164,31.790000915527344,10.199999809265137,31.790000915527344,2194853.925,1864155.14,707595.4642857143,46457061.12948723,0.1519504426001012,3.068000248500279,0.1127526773880352,3.197443963530002,0.1336374883321891,-5.780223973917316,-3.854615424760105,28.38999938964844,25.670000076293945,1353800.0,False,False,False,0.1396545154324908,0.2941933604357699,0.4711503871195852,0.6244149818794463,0.771880874678703,0.360520367686219,0.8559294841411076,False,False,-0.0060274307041952,0.9513674562732932,0.7309159428923813,1.558926874207033,0.9575539446921024,1.7626996139898787,0.4246072534569693,1.121451062661999,3.1018484936383897,96.0,46.0,46.0,95.0,95.0,94.0,94.0,92.0,97.0,96.0,95.0,80.76923076923077,60.0,False,volDry=0.77; 50SMA=+36.1%; 252H=0.86x; prior=3.1x; blind=1m/VARS,ALMU
2026-06-04,13.739999771118164,14.119999885559082,12.8100004196167,14.100000381469728,4009452.0,-0.0043478564338703,11.306282652091255,10.54963709723761,9.893600006103515,9.692333316802978,9.934799957275391,11.68769998550415,9.728015010356904,8.0,14.119999885559082,7.429999828338623,17.65999984741211,7.429999828338623,26.899999618530277,7.429999828338623,26.899999618530277,6.0,26.899999618530277,3.849999904632568,26.899999618530277,1977433.8,1852557.04,634792.6666666666,21863033.17770805,0.1075099740926932,1.1887857573372975,0.0865200711164607,4.42691794613964,-0.0504720209225009,1.697448269622651,-0.0199333485330913,13.829999923706056,10.380000114440918,4897200.0,False,False,False,0.0953420296771791,0.3813682575259411,0.4301310004265853,0.8866328098828417,1.4994222256174097,0.3830172555267379,0.5107806678797593,False,False,0.4570518903988563,1.3945975909667427,-0.3665283802301604,0.5705279543826246,0.9004149010886067,1.711248173595742,2.541236949962824,2.7876623055490426,3.115086080599545,96.0,96.0,96.0,6.0,6.0,94.0,94.0,95.0,91.0,89.0,87.0,96.15384615384616,34.0,False,volDry=1.50; 50SMA=+38.3%; 252H=0.51x; prior=7.0x; blind=VARS,ALOY
2026-06-04,1.9600000381469729,2.0199999809265137,1.8200000524520876,1.8200000524520876,35599224.0,0.0710382470945341,1.7872963520688003,1.6693741756015164,1.565600004196167,1.5766666650772094,1.4848000013828275,1.3863000005483628,1.930749997794628,1.2400000095367432,2.220000028610229,0.9300000071525574,2.220000028610229,0.9300000071525574,2.220000028610229,0.9300000071525574,2.220000028610229,0.9300000071525574,2.720000028610229,0.9300000071525574,3.5999999046325684,32434105.6,32046028.48,24308979.85714286,52243490.41750686,0.0896950769714426,0.177142858505249,0.0903790076824303,3.541122392437635,0.7338709351795648,-3.987983416000171,-7.10761347759732,2.009999990463257,1.809999942779541,28971500.0,False,False,False,0.1020407778478977,0.3877550896283541,0.5,0.7755101792567082,1.1745618469849153,0.3200431279105471,0.5444444694636787,False,False,0.2327044006295751,1.1798664130084693,0.6198346912026305,1.458882993283305,-0.1478260527035683,0.7673488089687951,-0.4114113864706545,0.4633370527290908,1.3342437975845245,79.0,91.0,91.0,94.0,94.0,28.0,28.0,93.0,94.0,93.0,91.0,92.3076923076923,26.0,False,volDry=1.17; 50SMA=+32.0%; 252H=0.54x; prior=3.9x; blind=VARS,AMC
2026-06-04,523.2000122070312,532.1900024414062,499.8700866699219,515.1099853515625,28296824.0,-0.0356116025744297,503.634487495984,467.2252730390525,450.15920288085937,430.0690012613932,353.801201171875,284.1241004943848,244.47435020446775,299.760009765625,546.4400024414062,192.2700042724609,546.4400024414062,188.22000122070312,546.4400024414062,188.22000122070312,546.4400024414062,188.22000122070312,546.4400024414062,114.70999908447266,546.4400024414062,39469515.6,39223112.48,47242573.50793651,15974887860.247242,0.0560968312262575,29.382145472935267,0.0561585336150731,8.525803041758428,-0.6575424297049703,14.234818805797389,10.898162495917347,546.4400024414062,524.2999877929688,29411100.0,False,False,False,0.0617735378773181,0.2194954007234392,0.2925841236969805,0.7501958682856052,0.7791980408383951,0.4787965967160839,0.9574701886198989,False,False,0.4727241958705146,1.409598127049014,1.623213939395562,2.362563429905676,1.4307749435717605,2.1888163370149893,3.4599780333786505,3.51089543651038,0.8354649772279938,31.0,96.0,96.0,98.0,98.0,97.0,97.0,95.0,97.0,96.0,95.0,96.15384615384616,48.0,False,volDry=0.78; 50SMA=+47.9%; 252H=0.96x; prior=4.8x,AMD
2026-06-04,73.81999969482422,75.76000213623047,69.70010375976562,71.38999938964844,6418197.0,-0.0183510280508093,72.29369415970602,71.14683090498556,71.7587661743164,72.07182947794597,65.27450889587402,56.55466300964356,44.970609741210936,62.37981187578381,79.5,40.6442679847199,79.5,40.0979624034706,79.5,38.55266221900103,79.5,29.60838890222909,79.5,18.49054879537694,79.5,5082602.425,4613393.94,3472347.2103174604,346218595.5446224,0.0683173668870393,5.265015441758528,0.0713223443988672,1.8355566296778916,-0.2621069717047299,-0.9728331237945342,2.304016733606351,79.5,73.79000091552734,4991500.0,False,False,True,0.0820901977989269,0.2032318131449037,0.2319180194390674,0.8763088510175016,1.2377806392141746,0.1309162021055105,0.9285534552808078,False,False,-0.0365916035204998,0.9221133699498189,0.6616847103903563,1.4965746673739642,0.8252890576055196,1.6436003339704948,2.9630126438146887,3.1196842006554912,1.463736808893406,84.0,34.0,34.0,94.0,94.0,93.0,93.0,70.0,91.0,89.0,88.0,46.15384615384615,47.0,False,volDry=1.24; 50SMA=+13.1%; 252H=0.93x; prior=4.3x; blind=1m/RS/VARS,AMKR
2026-06-04,30.61000061035156,31.75,30.1299991607666,30.459999084472656,699647.0,0.0098977614548054,29.039011186673093,27.645922449099952,26.93120002746582,25.89966672261556,23.206000022888183,21.32509994506836,19.77449998855591,19.76000022888184,31.75,17.450000762939453,31.75,15.649999618530272,31.75,14.970000267028809,31.75,14.970000267028809,31.75,14.869999885559082,31.75,1062001.175,1009826.94,1048733.123015873,40155262.16064759,0.0668313680414134,1.4928569793701172,0.0487702368377369,6.542011324746449,0.2009577263963755,7.186371147599569,4.219328588881808,30.38999938964844,28.93000030517578,1310200.0,False,True,False,0.0529239074462988,0.2002613210890817,0.3511924137748827,0.5702324800713118,1.0293790538010403,0.3190554417030413,0.9640945074126476,False,False,0.4384398318916032,1.3767833098637945,0.3580301405074462,1.2230921384215585,0.8220239285979465,1.640660214921984,0.4975538067794298,1.1788746013548506,1.0126515046516047,54.0,96.0,96.0,88.0,88.0,93.0,93.0,92.0,90.0,91.0,90.0,88.46153846153845,59.0,False,tight; volDry=1.03; 50SMA=+31.9%; 252H=0.96x; prior=2.1x,AMN
2026-06-04,5.880000114440918,6.099999904632568,5.0,5.164999961853027,8828956.0,0.1031895306956096,4.927613949855193,4.268210117112883,3.665999994277954,3.3733333269755046,2.826199994087219,2.901149995326996,3.207874997854233,1.850000023841858,6.099999904632568,1.6399999856948853,6.099999904632568,1.6399999856948853,6.099999904632568,1.6399999856948853,6.099999904632568,1.6399999856948853,6.099999904632568,1.6399999856948853,6.099999904632568,3267221.4,2785129.12,1058379.984126984,27841171.843507864,0.1715305923966041,0.7530714273452759,0.128073369504837,8.436821896324414,0.7303426617495257,0.5372033576007116,-2.615025642632138,5.329999923706055,4.51200008392334,6647500.0,False,False,False,0.1870748100720332,0.3248298997003873,0.6802720956035777,0.4774999618530273,2.467140769401743,1.0805322081744566,0.9639344600604708,False,False,1.5903084422234055,2.4792788350157533,1.2442749508693909,2.021276970950801,0.8967742888165839,1.7079699467739566,1.6017699731209425,2.0481137478966884,3.0870022572233373,95.0,99.0,99.0,97.0,97.0,94.0,94.0,99.0,98.0,98.0,97.0,100.0,39.0,False,volDry=2.47; 50SMA=+108.1%; 252H=0.96x; prior=3.7x; blind=VARS,AMPG
2026-06-04,22.540000915527344,22.93989944458008,20.799999237060547,21.299999237060547,5440709.0,0.036798581087015,20.387321001424688,19.425815496862302,18.81080017089844,19.137000147501627,18.58160009384155,15.867900066375732,13.173550038337709,14.25,24.225000381469727,14.25,24.225000381469727,9.229999542236328,24.225000381469727,7.710000038146973,24.225000381469727,7.710000038146973,24.225000381469727,2.549999952316284,24.225000381469727,9365052.725,9024500.18,8462129.797619049,197440427.21347028,0.1043287544001894,1.8649931635175432,0.0827414857038797,2.574621218751402,0.4289566096319122,5.497057537522275,4.459826114407262,23.399999618530277,21.700000762939453,8484500.0,False,False,False,0.0949378935493031,0.4394410064030723,0.4425465827997439,0.992982487002782,1.145716737079172,0.2130279847642247,0.9304437795909684,False,False,0.0532710895943167,1.008124236248754,0.5137676558641009,1.363355100934935,1.075506595588949,1.868911293503853,7.505660416741266,6.695657269643904,1.1067016163749936,64.0,73.0,73.0,92.0,92.0,95.0,95.0,93.0,86.0,95.0,96.0,92.3076923076923,35.0,False,volDry=1.15; 50SMA=+21.3%; 252H=0.93x; prior=9.5x; blind=1m,AMPX
2026-06-04,46.400001525878906,47.2400016784668,45.18999862670898,45.650001525878906,1239681.0,-0.0057852293477497,49.84230431569341,50.15725780806366,52.26959991455078,51.57366663614909,45.4428002166748,38.44009998321533,42.15954995155335,44.470001220703125,60.18000030517578,28.549999237060547,60.18000030517578,24.8700008392334,60.18000030517578,24.8700008392334,60.18000030517578,24.8700008392334,64.72000122070312,24.8700008392334,70.48999786376953,1397134.525,1313743.62,1179189.607142857,67965230.35321084,0.079413324686913,4.11285754612514,0.0886391683377694,0.2376361601931892,-0.065646971731559,0.2773315043624755,1.0777920533509613,51.29999923706055,46.2400016784668,1478500.0,False,False,False,0.0441810988004915,0.2133620948343574,0.3230603703774955,0.660440321371031,1.0976404208912542,0.0210638716065052,0.6582494386728814,True,False,-0.1565169434350625,0.8073284461987956,0.5045396010474832,1.3550439736907995,0.5069827913671632,1.356978177707434,0.5435795858363055,1.2151061021477385,1.1848260165599809,70.0,12.0,12.0,92.0,92.0,88.0,88.0,27.0,87.0,90.0,88.0,0.0,65.0,False,NR7; volDry=1.10; 50SMA=+2.1%; 252H=0.66x; prior=2.8x; blind=1m/RS/VARS,AMSC
2026-06-04,1.3899999856948853,1.4068000316619873,1.2799999713897705,1.2999999523162842,137113.0,0.0373133963215039,1.4725649017676825,1.432731914538964,1.2787599968910217,1.269299997886022,1.447379995584488,1.666549990773201,2.240015000402928,0.7699999809265137,2.6700000762939453,0.7699999809265137,2.6700000762939453,0.7699999809265137,2.6700000762939453,0.7699999809265137,2.75,0.7699999809265137,3.5850000381469727,0.7699999809265137,4.78000020980835,5141935.325,4117478.26,1059903.623015873,15387657.96669808,0.1810148775935431,0.3952714375087193,0.2843679435803132,-0.1394111197575922,0.1264952323178707,-10.658996506894695,-11.54549355738653,1.409999966621399,1.25,322900.0,True,False,True,0.0912230658828584,0.7841726081920796,1.3669065574972568,0.5736841365571204,0.1822235000701619,-0.0396440534376952,0.2907949633229443,False,False,0.4212679005153363,1.3603474270463114,-0.2102272765757131,0.7112985053476673,-0.4159664206480897,0.5258990525763837,-0.5088339140749527,0.3866460230828921,4.851323472571049,98.0,95.0,95.0,14.0,14.0,11.0,11.0,96.0,91.0,88.0,86.0,65.38461538461539,100.0,False,inside; volDry=0.18; 50SMA=-4.0%; 252H=0.29x; prior=6.2x; blind=RS/VARS,AMST
2026-06-04,4.340000152587891,4.869900226593018,3.819999933242798,4.730000019073486,2999473.0,-0.2318583930385489,3.356688042692986,2.7240200623980737,2.276400017738342,2.134333344300588,1.8653000068664551,1.898800004720688,3.941400007605553,1.3600000143051147,6.199999809265137,1.2699999809265137,6.199999809265137,1.0839999914169312,6.199999809265137,1.0839999914169312,6.199999809265137,1.0839999914169312,7.75,1.0839999914169312,12.600000381469728,4452019.325,3575535.46,897242.630952381,37014535.529322505,0.2026256670401369,0.7457856791360038,0.1718400121924651,7.720574129647953,-1.7565367362607205,-3.460009003015135,-8.770494744961422,6.199999809265137,3.5899999141693115,26851900.0,True,False,False,0.2419125014832491,1.006912353158332,1.059907747394975,0.949999993521234,4.820351383118433,1.3267035525715354,0.3444444461264097,False,False,1.8933334350585935,2.769315125277856,1.972602766569928,2.6772359213495074,-0.1051545901181445,0.8057727670066619,-0.452711192113967,0.430825838979451,4.9618900968564,98.0,99.0,99.0,99.0,99.0,31.0,31.0,99.0,98.0,98.0,98.0,96.15384615384616,56.0,False,inside; volDry=4.82; 50SMA=+132.7%; 252H=0.34x; prior=11.6x; blind=VARS,ANY
2026-06-04,50.25,52.470001220703125,47.380001068115234,48.900001525878906,866359.0,-0.0468513119027235,47.667606740372406,44.740736007747245,43.4084001159668,43.05033353169759,36.87280002593994,29.2895000076294,27.133999948501582,35.0,54.34000015258789,20.34000015258789,54.34000015258789,17.010000228881836,54.34000015258789,17.010000228881836,54.34000015258789,17.010000228881836,54.34000015258789,17.010000228881836,54.34000015258789,1158593.975,974281.18,437037.1388888889,47586842.82465439,0.0995156997820854,4.872142519269671,0.0969580600849685,3.741753586618189,-0.5069640740052439,7.101721928003391,7.468022399014121,54.34000015258789,48.0,1346500.0,False,False,False,0.1012935353748833,0.3102487592554804,0.3848756249271222,0.8061013458938255,1.1928957716292947,0.362793169074473,0.9247331589785962,False,False,0.1485714285714285,1.099339672041787,1.495034832316207,2.247120588467655,1.4334140885362618,2.1911927822837414,1.18954241087197,1.7236081435479325,2.651019494465796,94.0,86.0,86.0,98.0,98.0,97.0,97.0,89.0,96.0,97.0,96.0,88.46153846153845,32.0,False,volDry=1.19; 50SMA=+36.3%; 252H=0.92x; prior=3.2x,AOSL
2026-06-04,44.150001525878906,44.79999923706055,41.86000061035156,43.18000030517578,14426382.0,-0.0125251078072204,45.67738721566143,43.79993828974875,43.13919998168945,41.60916659037272,35.937699966430664,33.96479997634888,29.86462502002716,30.51000022888184,50.72499847412109,20.0,50.72499847412109,20.0,50.72499847412109,20.0,50.72499847412109,19.0049991607666,50.72499847412109,9.020000457763672,50.72499847412109,23790929.55,23536535.64,31391404.69047619,952922568.2421027,0.0950292551093994,4.319428307669504,0.0978352923756442,2.335710766898877,-0.1296462213759695,-4.503348008382925,-1.160815463641223,48.65999984741211,44.650001525878906,16325800.0,False,False,True,0.0665911330713245,0.2007926966564935,0.3407700486743258,0.5892322328139563,0.9409315176513376,0.2285149457844919,0.8703795535529366,False,False,0.1070712222517369,1.0596183085547106,0.5717337588483933,1.4155615157561334,0.5739751417727856,1.4173021297090935,3.307317222036967,3.3907208208817323,0.7578803747262036,24.0,82.0,82.0,93.0,93.0,89.0,89.0,90.0,95.0,94.0,92.0,46.15384615384615,61.0,False,volDry=0.94; 50SMA=+22.9%; 252H=0.87x; prior=5.6x; blind=RS/VARS,APLD
2026-06-04,9.31999969482422,9.459199905395508,8.399999618530273,8.460000038146973,9094797.0,0.0749711202780196,7.661049060062666,6.3973955546844525,5.3507999992370605,5.0359999974568685,4.29539999961853,4.323799991607666,4.83289999127388,3.289999961853028,9.800000190734863,2.740000009536743,9.800000190734863,2.740000009536743,9.800000190734863,2.740000009536743,9.800000190734863,2.740000009536743,9.800000190734863,2.740000009536743,9.800000190734863,5367392.425,4740317.94,4238031.337301588,61002253.80990343,0.1107925096526938,0.911371520587376,0.097786647041791,11.962399436061736,0.7132103690395665,2.607673272938319,-3.243687510009018,8.789999961853027,8.09000015258789,5784200.0,False,False,False,0.1136481031703737,0.5740343944904637,0.6448498310809428,0.8901830578574033,3.112993661349221,1.1697629314270892,0.9510203585134164,False,False,1.3958867463973514,2.293190727641306,1.1929411046645222,1.9750438117186684,0.9497906455526904,1.7557090713111267,1.0349344650824013,1.6019007433638033,1.2664824768420642,76.0,99.0,99.0,97.0,97.0,94.0,94.0,99.0,98.0,98.0,97.0,100.0,32.0,False,volDry=3.11; 50SMA=+117.0%; 252H=0.95x; prior=3.6x,APPS
2026-06-04,72.91999816894531,76.5,72.16500091552734,76.30999755859375,6325977.0,-0.0507680492237969,67.45089945036928,63.65065796999794,60.049999694824216,59.975999704996745,60.85839988708496,68.99839992523194,74.9455499458313,51.68000030517578,78.48999786376953,51.68000030517578,78.48999786376953,51.68000030517578,86.80000305175781,51.68000030517578,88.93000030517578,51.68000030517578,88.93000030517578,51.68000030517578,88.93000030517578,3733764.425,3546675.54,2554362.6071428573,275246599.8298416,0.0444613651929008,3.172499792916434,0.0435065808088228,4.555429995301821,-1.2293149820172848,-12.833443825559378,-11.30215074077454,78.48999786376953,72.76000213623047,6969400.0,False,False,False,0.0594486998536269,0.3416071949837671,0.3676631682913483,0.929130857929904,1.3860438161197006,0.1981911832095342,0.8199707401181839,False,False,0.3299287932477286,1.2729234308277628,0.0098324206269839,0.9094924022308948,-0.0588539621892029,0.8474646443616286,0.0901479867591394,0.8581646732762498,1.461720593058769,83.0,94.0,94.0,50.0,50.0,36.0,36.0,89.0,78.0,74.0,70.0,92.3076923076923,14.0,False,volDry=1.39; 50SMA=+19.8%; 252H=0.82x; prior=1.7x; blind=VARS,APTV
2026-06-04,393.4400024414063,397.4498901367188,367.5199890136719,380.5849914550781,10669548.0,-0.0446543105904514,354.62206525047094,308.6102892597949,272.23919982910155,262.0539998372396,220.09330078125,169.7626503753662,156.11537525177002,192.17999267578125,427.989990234375,114.45500183105467,427.989990234375,100.0199966430664,427.989990234375,100.0199966430664,427.989990234375,100.0199966430664,427.989990234375,100.0199966430664,427.989990234375,11236243.7,11147718.96,6295464.873015873,3780707616.309457,0.0871840297434873,33.59299904959543,0.0853827746063984,9.224407820988468,-0.5474350207228923,12.742381198742343,7.489978832355179,417.5,373.8900146484375,11938800.0,False,False,False,0.0760723386979549,0.4117273008061747,0.5772163212573888,0.7132980923153416,1.2527419151944603,0.787605533856957,0.9192738414885624,False,False,0.8839303262811968,1.803178535983188,2.26181390716769,2.9377101640470062,1.8827668138768676,2.595817072536835,2.055132832511388,2.40500106487556,1.7848155659102616,89.0,98.0,98.0,99.0,99.0,98.0,98.0,97.0,98.0,98.0,98.0,88.46153846153845,37.0,False,volDry=1.25; 50SMA=+78.8%; 252H=0.92x; prior=4.3x,ARM
2026-06-04,7.96999979019165,8.130000114440918,7.25,7.28000020980835,5345638.0,0.0556290846154148,7.302271827157733,6.6795074705113775,6.178200054168701,6.035500033696493,5.513100023269653,5.7478999996185305,7.029725008010864,4.804999828338623,8.539999961853027,3.920000076293945,8.539999961853027,3.920000076293945,8.539999961853027,3.920000076293945,8.600000381469727,3.920000076293945,11.09000015258789,3.920000076293945,14.489999771118164,5143520.95,4878764.76,5687804.515873016,42028031.01661773,0.0965084421748043,0.7361428397042411,0.0923642232224625,4.824894093763473,0.570540901580364,-4.462555489250279,-3.4753315919597223,8.180000305175781,7.53000020980835,6329300.0,False,False,False,0.1104140699632009,0.4504391778034869,0.4686324004814799,0.9611780520098462,1.5934225531300263,0.4456475951011105,0.5500345007649797,False,False,0.5536061622603383,1.487013211730057,0.5596868066440304,1.404711585335892,0.4283153941153166,1.286141309510053,0.0050441314904048,0.7911709045051306,0.904306914143396,40.0,97.0,97.0,93.0,93.0,86.0,86.0,94.0,93.0,92.0,90.0,92.3076923076923,26.0,False,volDry=1.59; 50SMA=+44.6%; 252H=0.55x; prior=3.7x; blind=VARS,ASPI
2026-06-04,15.020000457763672,15.720000267028809,14.720100402832031,14.739999771118164,7079110.0,0.0189959763224791,16.44538865641178,16.465110159234627,16.743800010681152,16.53250001271566,14.620300006866454,13.212049989700317,29.705225038528443,13.81999969482422,19.75,8.630000114440918,19.75,7.019999980926514,19.75,7.019999980926514,23.399999618530277,7.019999980926514,34.400001525878906,7.019999980926514,252.0,4297072.75,4036362.2,3333792.5,82298363.43924618,0.0853243847073612,1.4679216657366072,0.0977311332222932,0.2797341054639655,0.190746341021544,-5.327116710112182,-3.966636103642513,16.1299991607666,14.704999923706056,5015000.0,True,False,False,0.0665712272784878,0.3358854808613697,0.3358854808613697,1.0,1.5047413237593,0.0273387311279178,0.0596031764196971,False,False,-0.0902483192284653,0.8707565672452616,0.6237838332717482,1.462439736594203,-0.2743961398950792,0.653377470176273,-0.8927142824445452,0.0844553343871164,1.2889442729264045,77.0,21.0,21.0,94.0,94.0,18.0,18.0,47.0,90.0,93.0,91.0,3.8461538461538463,77.0,False,inside; volDry=1.50; 50SMA=+2.7%; 252H=0.06x; prior=35.9x; blind=1m/RS/VARS,ASST
2026-06-04,38.45000076293945,46.70000076293945,36.97999954223633,37.5,2352559.0,-0.0459056702020927,29.435720135447607,20.108865062524615,12.020800075531008,10.58366673787435,7.741600036621094,5.3455000138282776,4.757050002813339,2.240000009536743,68.8499984741211,1.919999957084656,68.8499984741211,1.919999957084656,68.8499984741211,1.919999957084656,68.8499984741211,1.919999957084656,68.8499984741211,1.919999957084656,68.8499984741211,6348416.475,7564427.18,1645740.7103174604,301949915.0185648,0.3642498237681992,10.79499968460628,0.2807542124943515,14.12863442250224,-0.1713755005254146,3.63246165627664,-5.1225984827734345,50.91999816894531,37.02000045776367,5201500.0,False,True,False,0.2527958654833598,1.732379639606855,1.732379639606855,1.0,3.325184485416647,3.9666736309102033,0.5584604446635071,True,False,12.491228789320454,12.912947914035552,14.823045146764292,14.250819291584556,10.65151555106879,10.49172719860673,5.6293102583618735,5.218594118424916,3.857482794950975,97.0,99.0,99.0,99.0,99.0,99.0,99.0,99.0,99.0,99.0,99.0,88.46153846153845,59.0,False,tight; NR7; volDry=3.33; 50SMA=+396.7%; 252H=0.56x; prior=35.9x,ASTC
2026-06-04,7.820000171661377,8.649999618530273,6.599999904632568,6.760000228881836,3505174.0,0.1316932480961017,6.99583891534984,6.205598067873617,5.436799983978272,5.316333325703939,4.959200000762939,5.39845000743866,3.9011750012636175,3.829999923706055,9.800000190734863,3.299999952316284,9.800000190734863,3.299999952316284,9.869999885559082,2.549999952316284,9.869999885559082,1.399999976158142,9.869999885559082,1.100000023841858,9.869999885559082,2153201.85,1879643.48,1979131.642857143,16788799.616256855,0.2142871390341045,1.4523571559361048,0.1857234173982822,3.106055655793406,0.6265678662647787,-3.1453860331146437,-3.883336906314731,9.399999618530272,6.809999942779541,3607600.0,False,False,False,0.2621482952553667,0.7033247927450509,0.7634271273628973,0.9212729906186886,2.109999817624989,0.5768672710232141,0.7922999252616928,False,False,0.8708135150257896,1.7906239567684776,0.2592592791665777,1.1341354500479108,3.9182389984260624,4.428678968231022,3.739394111913538,3.730851819181755,1.0879528189906371,62.0,98.0,98.0,84.0,84.0,99.0,99.0,97.0,96.0,95.0,96.0,88.46153846153845,36.0,False,volDry=2.11; 50SMA=+57.7%; 252H=0.79x; prior=9.0x; blind=VARS,ASTI
2026-06-04,107.29000091552734,111.56999969482422,101.0999984741211,103.3499984741211,16629388.0,-0.0040843073210387,108.7436709350276,101.2800667297504,91.45640060424805,88.68300031026205,88.4664003753662,92.14925006866456,78.4549998664856,63.43000030517578,133.86000061035156,63.43000030517578,133.86000061035156,63.43000030517578,133.86000061035156,61.400001525878906,133.86000061035156,49.310001373291016,133.86000061035156,25.399999618530277,133.86000061035156,22518442.2,20787069.76,15122180.111111112,2705016969.3334656,0.1098739273286681,12.667569841657366,0.1180685034351982,1.802147289726074,-0.0347345581596321,-4.132430054357364,-3.07652942838844,114.33999633789062,106.29000091552734,17835700.0,False,False,True,0.0975859924630485,0.4195172127146145,0.6426507256955716,0.6527919380477646,1.4433260265346797,0.2127768334677562,0.8015090424796433,False,False,0.6798184235128697,1.6078155775573046,0.1430854487304853,1.0295050044794425,0.8859202331974285,1.6981963005855656,3.2609213508815467,3.354197983528408,1.4891002510580098,84.0,98.0,98.0,75.0,75.0,94.0,94.0,94.0,89.0,86.0,85.0,73.07692307692307,46.0,False,volDry=1.44; 50SMA=+21.3%; 252H=0.80x; prior=5.3x; blind=VARS,ASTS
2026-06-04,38.400001525878906,38.68000030517578,37.06999969482422,37.91999816894531,11142466.0,-0.037835087128699,37.84847504703818,36.02268271353086,35.1579997253418,34.409333101908366,30.57679988861084,25.995799884796146,19.67979994297028,29.34000015258789,41.09999847412109,20.61000061035156,41.09999847412109,18.3700008392334,41.09999847412109,14.720000267028809,41.09999847412109,13.350000381469728,41.09999847412109,9.218635557050764,41.09999847412109,8368376.65,8071325.32,8049781.214285715,333491124.4981251,0.0421071097339349,2.187856674194336,0.0569754319598105,4.490605113317216,-0.690172413642795,13.985070441871896,15.639659512149088,40.470001220703125,38.95000076293945,8941200.0,False,False,True,0.0419270975618721,0.2403645121906394,0.2919270478913368,0.8233718455581742,1.1937824604993124,0.2558541660921825,0.9343066411561484,False,False,0.1483254516406678,1.099104238535724,0.7407072735955069,1.5677453085336848,1.5147347986067237,2.2644188533400524,3.1962335598888902,3.303275743890827,1.039578148428293,58.0,86.0,86.0,95.0,95.0,97.0,97.0,84.0,92.0,92.0,95.0,80.76923076923077,37.0,False,volDry=1.19; 50SMA=+25.6%; 252H=0.93x; prior=4.5x,ASX
2026-06-04,9.050000190734863,9.279999732971191,8.65999984741211,8.850000381469727,828740.0,-0.0054945262240514,9.575455714668587,9.223318171352467,9.347000064849851,9.021833403905232,7.325000057220459,5.6234000253677365,4.378025010824204,5.860000133514404,12.364999771118164,3.4549999237060547,12.364999771118164,2.25,12.364999771118164,2.109999895095825,12.364999771118164,1.8919999599456787,12.364999771118164,1.8919999599456787,12.364999771118164,2791911.0,2362546.8,1307630.7142857143,16455458.39571333,0.1247652821172489,1.15607145854405,0.1277426999092888,1.843509625997547,-0.0432500866320437,9.107636234928597,9.262558512258304,10.204999923706056,8.829999923706055,1590600.0,False,True,True,0.0685082732035542,0.517679540777901,0.5729281583980295,0.903567983506676,0.7150012859004529,0.2354948969336898,0.7319045983222427,True,True,-0.1429924402348314,0.8202732422670407,0.9012604528510252,1.7123454359451684,2.9519652146246167,3.558587786154685,0.4433812150343181,1.136229928282824,2.135091329301687,92.0,14.0,14.0,96.0,96.0,99.0,99.0,92.0,97.0,98.0,98.0,46.15384615384615,89.0,False,tight; NR20; volDry=0.72; 50SMA=+23.5%; 252H=0.73x; prior=6.5x; blind=1m/RS,ATOM
2026-06-04,3.5999999046325684,4.0,3.550100088119507,3.839999914169312,222316.0,-0.1529411989099839,3.658987805483605,3.2965779957819894,2.9323999786376955,2.8132333119710284,2.774939994812012,2.9159700047969817,27.10723500788212,1.9800000190734863,8.5,1.9800000190734863,8.5,1.7209999561309814,8.5,1.7209999561309814,9.199999809265137,1.7209999561309814,73.5,1.7209999561309814,85.3499984741211,3145220.4,2627666.32,1172660.2063492064,28793032.45926385,0.2250635886967764,1.2960642746516635,0.3600178636071229,0.8258626742966872,-0.5015184108381728,-5.020912297859299,-8.353580514267314,5.0,3.200999975204468,4785900.0,True,False,True,0.1249722010552141,1.6666667108182565,1.8111111537909812,0.9202454014650748,4.735236550126349,0.2973253156331585,0.0421792614996252,True,False,0.2676056385324059,1.2132716627609137,0.7647058686033112,1.589359330204986,-0.9441860479901928,0.0502582480190149,-0.9552795042902786,0.0352039815287612,2.6821242700746897,95.0,92.0,92.0,95.0,95.0,1.0,1.0,96.0,91.0,92.0,91.0,80.76923076923077,66.0,False,inside; NR7; volDry=4.74; 50SMA=+29.7%; 252H=0.04x; prior=49.6x; blind=VARS,ATPC
2026-06-04,10.270000457763672,10.449999809265137,9.539999961853027,9.539999961853027,94156.0,0.066459017208424,9.966301546865916,9.278970985811666,8.80480001449585,8.145000012715657,6.856799993515015,5.964949975013733,10.105200011730194,4.519999980926514,12.449999809265137,4.300000190734863,12.449999809265137,3.920000076293945,12.449999809265137,3.920000076293945,19.145000457763672,3.920000076293945,19.145000457763672,3.920000076293945,19.145000457763672,2164478.9,1744761.12,487712.5238095238,41985183.73916416,0.1544579038339462,0.8920714514596122,0.0868618706618698,5.730745687130099,0.7174317060315986,-4.090709432568154,-6.303617678618976,10.232000350952148,9.350000381469728,104200.0,False,False,True,0.0886075761295793,0.2405063443947167,0.5501459948094861,0.4371682183708406,0.0642297668806375,0.4977832906715631,0.5364324999845579,False,False,1.1575630176337577,2.0650823807841894,1.0540000915527346,1.8499083999391808,-0.1595744489897023,0.7567698445143438,0.2240762857580966,0.963593052128338,4.438021978794494,97.0,99.0,99.0,97.0,97.0,27.0,27.0,98.0,96.0,96.0,95.0,80.76923076923077,56.0,False,volDry=0.06; 50SMA=+49.8%; 252H=0.54x; prior=4.9x; blind=VARS,ATRA
2026-06-04,6.840000152587891,7.150000095367432,6.829999923706055,6.894999980926514,15565314.0,-0.0158272891649009,7.156904916172388,6.990894898860263,7.12640001296997,6.764666684468588,5.858400011062622,5.158099997043609,5.041975004673004,4.789999961853027,8.5649995803833,3.819999933242798,8.5649995803833,3.75,8.5649995803833,3.75,8.5649995803833,3.5999999046325684,8.5649995803833,3.5999999046325684,8.5649995803833,28464792.85,25914408.28,20313752.83333333,241076992.88906765,0.0769435463751537,0.5241428783961705,0.0766290740794593,2.1865630883114675,-0.2098657850962986,-1.1636681888745866,2.043622795556119,7.394999980926514,6.809999942779541,38170000.0,True,True,True,0.046783649784029,0.2002923764615337,0.2730993438609309,0.7334048248886592,1.131572100090413,0.1675543048736307,0.7985990061521739,True,False,0.0474731903245435,1.0025748550581637,0.5302014482409241,1.3781559817556168,0.7142857484308742,1.543646260794482,0.1854419714381978,0.9331801135839558,1.4012572213289625,82.0,71.0,71.0,92.0,92.0,92.0,92.0,89.0,91.0,89.0,87.0,23.07692307692308,82.0,False,inside; tight; NR7; volDry=1.13; 50SMA=+16.8%; 252H=0.80x; prior=2.4x; blind=1m/RS/VARS,AUR
2026-06-04,513.2000122070312,515.7899780273438,477.2449951171875,485.0,1285423.0,0.0658802037403871,455.2645717336284,432.5419734010651,413.2780017089844,411.038335164388,407.4600006103516,462.4500997924805,560.25385055542,366.0,515.7899780273438,339.010009765625,535.0,339.010009765625,614.2100219726562,339.010009765625,649.8900146484375,339.010009765625,762.0800170898438,339.010009765625,885.9199829101562,1235350.575,1198730.46,868790.9642857143,551942819.5263275,0.0690975296219902,26.95749773297991,0.052528248425109,4.940392490079494,1.176667120030831,-11.638025824637095,-12.569121985324797,485.3599853515625,465.260009765625,1275500.0,False,False,False,0.0751071356066272,0.2762859989374745,0.2918744631029288,0.9465918874856926,1.1110106437105136,0.2595101640364385,0.5792848362232691,False,False,0.3483972779218796,1.2906002921702415,-0.1004224070676634,0.8101928293024487,-0.0456531618651209,0.8593514409930628,-0.3239095113030463,0.5322185431563722,1.4219192254326176,82.0,94.0,94.0,26.0,26.0,37.0,37.0,88.0,84.0,79.0,76.0,100.0,26.0,False,volDry=1.11; 50SMA=+26.0%; 252H=0.58x; prior=2.6x; blind=VARS,AXON
2026-06-04,105.98999786376952,112.98999786376952,101.5000991821289,103.87999725341795,5513648.0,-0.0066541621816265,111.88742091748352,109.90118320564754,112.8132000732422,106.05633341471354,88.94980003356933,60.46930009841919,34.49330004453659,65.0199966430664,143.16000366210938,39.70000076293945,143.16000366210938,15.850000381469728,143.16000366210938,12.329999923706056,143.16000366210938,6.630000114440918,143.16000366210938,1.6699999570846558,143.16000366210938,11078681.2,11969522.96,5508038.285714285,1071745147.6687652,0.154826942943842,16.740706307547434,0.1579460953387743,1.2128881762602486,-0.0424115369703701,5.258305737426847,8.208672036525442,115.12000274658205,103.80999755859376,6170400.0,False,True,True,0.1084054997001581,0.4710821899378801,0.4710821899378801,1.0,0.7246642016550341,0.1915709515228734,0.7403604020151492,False,False,-0.014504929276827,0.9432533327031436,1.7317010295848458,2.4602709130997984,8.012754744975654,8.115627849250822,60.26589404347708,48.22852180014546,2.011366048187029,91.0,42.0,42.0,98.0,98.0,99.0,99.0,94.0,97.0,99.0,99.0,19.230769230769237,81.0,False,tight; volDry=0.72; 50SMA=+19.2%; 252H=0.74x; prior=85.7x; blind=1m/RS,AXTI
2026-06-04,73.19000244140625,73.7300033569336,63.84000015258789,64.30000305175781,1603465.0,0.1157012826803551,64.23373580118562,57.54850204255275,55.22520034790039,49.998000399271646,37.57840023040772,26.00950008392334,20.69650005817413,22.55900001525879,73.7300033569336,14.81999969482422,73.7300033569336,12.5,73.7300033569336,12.5,73.7300033569336,12.5,73.7300033569336,12.5,73.7300033569336,1094569.125,958129.3,416433.1944444445,63949654.47052002,0.0815487003482351,4.9977152688162665,0.0682841249092359,13.878210737934122,1.5186947553102372,17.842128033657985,12.68318082030982,67.75,64.13999938964844,691200.0,False,False,False,0.1351277889663051,0.2467550838305626,0.3870747490920614,0.6374869050728873,1.173647961710387,0.9476614755457928,0.992675967842926,False,False,0.546376497145707,1.4800934351463957,3.531888803107408,4.081586558314656,4.150598328284765,4.637909320303544,4.047586375269397,3.9734608192454166,2.6284387018192525,94.0,97.0,97.0,99.0,99.0,99.0,99.0,99.0,99.0,99.0,99.0,100.0,37.0,False,volDry=1.17; 50SMA=+94.8%; 252H=0.99x; prior=5.9x,BAND
2026-06-04,10.34000015258789,10.925000190734863,9.579999923706056,9.619999885559082,95334074.0,0.0157170768777641,9.09538455904201,8.005456343121304,7.205999965667725,6.878333314259847,5.710399990081787,4.618100001811981,4.436900006532669,4.960000038146973,10.925000190734863,3.119999885559082,10.925000190734863,3.119999885559082,10.925000190734863,3.119999885559082,10.925000190734863,3.119999885559082,10.925000190734863,3.119999885559082,10.925000190734863,31939599.35,27281481.48,13242060.611111112,344503169.3175494,0.0869862334406439,0.7689286300114223,0.0743644698901648,10.902132810811969,0.2080815321049141,9.023322810232957,3.971033729219255,10.729999542236328,9.729999542236328,90583700.0,False,False,False,0.1300773933443494,0.4666344501837068,0.4927466336403906,0.94700687600082,2.056895899921634,0.8107313271482051,0.94645308668799,False,False,0.8464286301209012,1.767284292636784,1.9126761384436937,2.6232637851228984,1.5467981030337064,2.293290586090984,1.6045340247031672,2.050289609753784,2.4119810570267446,94.0,98.0,98.0,99.0,99.0,97.0,97.0,97.0,98.0,97.0,97.0,100.0,32.0,False,volDry=2.06; 50SMA=+81.1%; 252H=0.95x; prior=3.5x,BB
2026-06-04,291.3699951171875,295.69000244140625,272.1099853515625,278.7850036621094,6608586.0,0.0140957388616471,289.02538258987573,281.3492995422,285.4252014160156,278.44633433024086,234.68720108032227,193.45490089416504,143.08020051956177,216.0399932861328,322.8299865722656,116.50499725341795,322.8299865722656,116.50499725341795,322.8299865722656,75.69999694824219,322.8299865722656,75.69999694824219,322.8299865722656,19.96999931335449,322.8299865722656,10623849.65,10317953.72,11616146.76984127,2881089899.843951,0.0869132147478644,24.50828661237444,0.0841139685729044,2.8714001595283305,0.1652497319385793,2.716597431470305,6.362124033377154,298.5,282.9100036621094,7869100.0,False,False,True,0.0809280896626297,0.1877337495491019,0.2782715719909858,0.6746422144594176,0.9840137759408364,0.2415248627787989,0.9025493517838504,False,False,-0.0131414221263759,0.944558395206281,0.8211762304717025,1.640218625293416,1.774952334449405,2.4987344139543666,13.275845041426193,11.237947548881412,0.9145760518094048,41.0,42.0,42.0,96.0,96.0,98.0,98.0,86.0,96.0,95.0,98.0,50.0,60.0,False,volDry=0.98; 50SMA=+24.2%; 252H=0.90x; prior=16.2x; blind=1m/RS,BE
2026-06-04,5.300000190734863,6.20989990234375,4.650000095367432,4.650000095367432,2339176.0,0.175166279769545,3.256647116552328,2.6621761470031995,2.21312002658844,2.160566687583924,2.066840012073517,2.288160006999969,4.196859991550445,1.6230000257492063,7.0,1.6230000257492063,7.0,1.6230000257492063,7.0,1.6230000257492063,7.0,1.6230000257492063,9.4399995803833,1.6230000257492063,16.68000030517578,1990924.4,1596727.52,679810.3214285715,17160705.77052488,0.1408920990792241,0.6677071281841823,0.1259824724820627,12.41681564987132,1.183153404399648,-0.0221281221815132,-7.169496345035741,4.699999809265137,3.75,1107700.0,False,False,False,0.2943207077054903,0.9849056303310167,1.014528260517903,0.9708015721792076,4.947586548768196,1.5643011359247598,0.3177458089788092,False,False,1.7390182674226078,2.621614441141024,1.78947381960058,2.512303223116512,0.122881446255247,1.011110164926688,-0.2556179387749115,0.585977680207438,2.928646914063056,95.0,99.0,99.0,98.0,98.0,65.0,65.0,99.0,98.0,97.0,97.0,100.0,34.0,False,volDry=4.95; 50SMA=+156.4%; 252H=0.32x; prior=10.3x; blind=VARS,BJDX
2026-06-04,39.65999984741211,40.5,35.70000076293945,37.0099983215332,2481839.0,0.0581643631750616,43.37755931951916,42.64379038648754,41.9736003112793,40.59000021616618,37.20680015563965,30.493200035095214,25.222749981880188,29.81999969482422,52.880001068115234,21.09000015258789,52.880001068115234,17.520000457763672,52.880001068115234,16.34000015258789,52.880001068115234,12.40999984741211,52.880001068115234,10.800000190734863,52.880001068115234,2284090.975,2341158.78,1935147.773809524,119728569.39680272,0.1237061375355985,4.994643075125558,0.1259365379309619,0.5235508026276119,0.4364676859559137,-2.207783906265518,0.7294634869788365,42.5099983215332,37.09999847412109,3125200.0,False,False,False,0.1210287255554227,0.4331820567643499,0.5806101995925411,0.746080687298203,1.0027572328947292,0.0659341755138978,0.749999981965312,False,False,0.1028921261718578,1.055618343032671,0.6280787706778197,1.4663079159664338,1.3370654951177157,2.104434698866504,2.5097344405295035,2.7628635249765106,1.180318632981474,70.0,81.0,81.0,94.0,94.0,97.0,97.0,85.0,92.0,94.0,94.0,30.76923076923077,54.0,False,volDry=1.00; 50SMA=+6.6%; 252H=0.75x; prior=4.9x; blind=RS/VARS,BKSY
2026-06-04,6.070000171661377,6.186500072479248,5.75,5.820000171661377,9380508.0,0.0016502028013631,5.869927912067122,5.307135964108306,4.90520001411438,4.632000009218852,3.865400013923645,3.102400012016296,2.963400010466576,3.0299999713897705,6.570000171661377,2.109999895095825,6.570000171661377,1.919999957084656,6.570000171661377,1.919999957084656,6.570000171661377,1.919999957084656,6.570000171661377,1.2899999618530271,6.570000171661377,9449867.7,8124614.16,6305384.158730159,68183010.55285701,0.1039280349460369,0.5604643310819354,0.0923334950958551,6.176978860705887,0.0178427570270729,2.1367703977557917,1.079474004878758,6.380000114440918,5.929999828338623,9295800.0,False,False,True,0.0719110477981711,0.3196046132383346,0.4398682044127782,0.7265917609685045,1.5990163402418116,0.5703420473421876,0.923896501227402,False,False,0.4018476394027399,1.341759585705837,1.8904764034850892,2.6032698832992134,1.2398524303386669,2.016898193307903,3.669231072544357,3.675619463127673,1.498698170026029,84.0,95.0,95.0,99.0,99.0,96.0,96.0,97.0,97.0,97.0,96.0,76.92307692307693,42.0,False,volDry=1.60; 50SMA=+57.0%; 252H=0.92x; prior=5.1x,BLDP
2026-06-04,13.140000343322754,13.720000267028809,12.925000190734863,13.25,606168.0,-0.0068026607730601,12.923883497814195,12.572877791049732,12.143600044250489,12.01133337020874,11.804000034332276,14.261566265519845,0.0,9.739999771118164,13.84000015258789,9.739999771118164,18.600000381469727,9.739999771118164,23.489999771118164,9.739999771118164,23.489999771118164,9.739999771118164,23.489999771118164,0.0,0.0,1131254.2,1199937.36,0.0,15484649.18449173,0.0756615888956826,0.7517858913966587,0.057213536663162,1.978238099957392,-0.1197138705893706,-9.128963219649432,-9.457034892680316,13.3100004196167,12.670000076293944,627200.0,False,True,True,0.0605022873304515,0.178843251146786,0.273211572206099,0.6545961787148402,0.79406378346283,0.1131819980603763,0.0,False,False,0.3100698597357076,1.2539157201089275,-0.2819671644186703,0.6466869107926464,0.0,0.0,0.0,0.0,0.0,0.0,93.0,93.0,10.0,10.0,0.0,0.0,86.0,74.0,70.0,65.0,73.07692307692307,72.0,False,tight; volDry=0.79; 50SMA=+11.3%; blind=VARS,BOBS
2026-06-04,59.970001220703125,64.54000091552734,59.220001220703125,64.0,4864421.0,-0.0435406620257964,54.95842332283792,50.28527260504682,46.579599609375,44.81133295694987,41.97259971618652,41.600209426879886,40.69864093780517,33.79999923706055,64.54000091552734,32.32146939688683,64.54000091552734,32.32146939688683,64.54000091552734,32.32146939688683,64.54000091552734,32.32146939688683,64.54000091552734,28.414164588334742,64.54000091552734,2541915.525,2388616.42,2861702.861111111,155922062.74284285,0.0523388841507428,2.9507143838065013,0.0492031736492251,8.71466746343198,-0.9251995236199564,-4.229408016061444,-5.503817898583795,63.02000045776367,56.560001373291016,4417100.0,False,False,False,0.088711015283215,0.3535100939037615,0.3821911208454341,0.9249563232180064,1.4439162651322643,0.4287892964984963,0.9291912049892032,False,False,0.577742801075823,1.5101152704610572,0.5600011629968922,1.4049947062861416,0.2713604292263247,1.14480959460442,0.6121174383939016,1.2690591108782312,0.8882527810777155,38.0,97.0,97.0,93.0,93.0,78.0,78.0,95.0,92.0,89.0,87.0,96.15384615384616,26.0,False,volDry=1.44; 50SMA=+42.9%; 252H=0.93x; prior=2.3x; blind=VARS,BRKR
2026-06-04,35.95000076293945,37.3849983215332,31.309999465942383,33.16999816894531,2435812.0,-0.0564303883802514,33.193743594139484,28.940223851756706,25.87080009460449,24.28400007883708,19.319900035858154,15.29745002746582,13.594920029640198,14.100000381469728,42.0,10.619999885559082,42.0,10.59000015258789,42.0,10.59000015258789,42.0,10.59000015258789,42.0,10.15999984741211,42.0,1530975.3,1258378.24,465159.9682539682,66777497.17618446,0.1939693975465,5.265714372907366,0.1464732756928268,5.8766741499936,-0.408301240614872,9.417043349451705,8.14862672355498,42.0,35.099998474121094,4118900.0,False,False,False,0.1689846655539847,0.5151599461676725,0.7121001345808189,0.7234375071013346,1.994035751921457,0.8607757129289215,0.855952399117606,False,False,0.8901156623403348,1.8090987470780944,2.3724203825075016,3.0373264438418657,2.0647913184901605,2.759722912725069,2.538385955005345,2.7854180018527432,3.2912877385960213,96.0,98.0,98.0,99.0,99.0,98.0,98.0,98.0,98.0,98.0,97.0,88.46153846153845,37.0,False,volDry=1.99; 50SMA=+86.1%; 252H=0.86x; prior=4.1x,BRUN
2026-06-04,19.6299991607666,20.11000061035156,18.559999465942383,18.934999465942383,16770985.0,-0.0040588496916307,17.555180194989926,15.942231843542835,14.77839988708496,14.243999926249186,12.75009994506836,11.65579996585846,13.555575006008148,10.765000343322754,20.71999931335449,7.295000076293945,20.71999931335449,6.915999889373779,20.71999931335449,6.915999889373779,20.71999931335449,6.915999889373779,24.559999465942383,6.915999889373779,27.799999237060547,8774674.625,8481291.7,7009357.083333333,173548861.76772642,0.1017368249774934,1.609285627092634,0.08198093203738,6.581966016703394,-0.0497114510682507,2.9283256330641088,0.462449614188326,20.71999931335449,18.225000381469727,14670800.0,True,False,False,0.0789608359997835,0.3779928395233746,0.4340295399053205,0.8708919664911062,1.599032196947076,0.5395957086877059,0.7061150971039448,False,False,0.57291665711464,1.5054959917749136,1.5166664975321231,2.2666028656847628,0.5703999328613281,1.41408279601704,0.5205266764353649,1.196958848101122,1.2518515636568428,75.0,97.0,97.0,98.0,98.0,89.0,89.0,96.0,97.0,96.0,96.0,96.15384615384616,54.0,False,inside; volDry=1.60; 50SMA=+54.0%; 252H=0.71x; prior=4.0x,BTDR
2026-06-04,31.209999084472656,31.95800018310547,29.65999984741211,29.739999771118164,5476605.0,0.0365326619668988,28.260880253215618,27.196826977383225,25.844161376953124,26.03492692311605,27.943634223937988,31.448639125823973,28.968982920646667,23.190000534057617,31.95800018310547,23.190000534057617,41.010464850836826,23.190000534057617,41.010464850836826,23.190000534057617,41.010464850836826,23.190000534057617,41.010464850836826,12.430362262395526,41.010464850836826,3627197.625,3676524.1,4052848.8293650793,104262654.21752356,0.0504940225981962,1.6109034211526914,0.0516149781610898,2.264675902913849,0.6828456999203487,-5.169728454964908,-5.928673861343899,30.15999984741211,28.420000076293945,4089800.0,False,False,False,0.0736302596316525,0.2809355945611044,0.2809355945611044,1.0,1.4069431776606605,0.1168911972708448,0.7610252455803561,False,False,0.2523431550605277,1.1986633822855872,-0.0592374127009113,0.8472855574594895,0.1377362903811212,1.024486362337522,1.40561356897221,1.8936993945043783,0.894974813449491,39.0,92.0,92.0,32.0,32.0,67.0,67.0,86.0,74.0,69.0,65.0,100.0,46.0,False,volDry=1.41; 50SMA=+11.7%; 252H=0.76x; prior=3.3x; blind=VARS,BTU
2026-06-04,18.63999938964844,18.780000686645508,16.850000381469727,16.8700008392334,2308817.0,0.0542985898134638,18.490022056133053,18.33466239236612,18.112800102233887,17.59433339436849,17.149400119781493,13.850900077819825,9.081300040483477,13.579999923706056,22.030000686645508,10.18000030517578,22.030000686645508,7.949999809265137,22.030000686645508,4.570000171661377,22.030000686645508,3.119999885559082,22.030000686645508,0.7599999904632568,22.030000686645508,3612627.925,3539910.34,3442944.9087301586,83780293.61620197,0.1065051904444529,1.836214338030134,0.0985093561242206,0.8823369983630581,0.5228142840353432,2.357039523364937,5.5700461754202415,18.200000762939453,16.860000610351562,2432500.0,False,False,True,0.1035407922946387,0.2011802640982129,0.4200107687433846,0.478988347608603,0.9560727179321724,0.0869184495933224,0.8461188746556838,False,False,0.2056920662131265,1.15401192096752,0.402558272622407,1.2631958199996822,1.98239990234375,2.6855327133534748,21.190476156686707,17.46834645584214,1.0492842670353455,58.0,90.0,90.0,90.0,90.0,98.0,98.0,87.0,91.0,94.0,98.0,50.0,67.0,False,volDry=0.96; 50SMA=+8.7%; 252H=0.85x; prior=29.0x; blind=RS,BW
2026-06-04,77.02999877929688,77.06500244140625,74.80000305175781,75.36000061035156,3152282.0,0.0062703554330953,71.5909945067009,67.71334200733807,64.94505920410157,63.31041272481283,59.61832260131836,56.27812114715576,49.91628273010254,53.68263319524187,78.81999969482422,50.37049268396341,78.81999969482422,46.77018424070373,78.81999969482422,43.32856726233056,78.81999969482422,40.35365336901448,78.81999969482422,31.410513229239317,78.81999969482422,3000142.05,2781635.64,2757028.5,268726804.2957428,0.0435586628026301,3.139531813217125,0.0407572616249466,7.165653960515644,0.1528876775569933,9.662986973878658,8.43308709489785,78.81999969482422,74.54000091552734,4842700.0,True,False,False,0.02940412080413,0.2246650835733707,0.2710304541116283,0.828929296192076,1.434385633626696,0.2920524331825713,0.9772900162083497,False,False,0.3484590648244203,1.2906594306717625,0.4643042627432046,1.3188065408836702,0.7917963695295753,1.6134414979889729,1.3922379140934225,1.883170076798592,1.0881795563593193,62.0,94.0,94.0,91.0,91.0,93.0,93.0,89.0,84.0,84.0,86.0,100.0,54.0,False,inside; volDry=1.43; 50SMA=+29.2%; 252H=0.98x; prior=2.5x,BWA
2026-06-04,9.270000457763672,9.569899559020996,8.75,8.75,2852568.0,0.0534091200956621,8.484770963404346,8.136878538175537,8.095600070953369,7.820000044504801,6.828000011444092,6.160450000762939,5.7633999991416935,6.110000133514404,9.569899559020996,4.440000057220459,9.569899559020996,4.440000057220459,9.569899559020996,4.440000057220459,9.569899559020996,4.349999904632568,9.569899559020996,4.349999904632568,9.569899559020996,2092486.7,1907643.36,1108793.126984127,19056291.96191311,0.0768731360119225,0.5924929210117885,0.0639150908040757,5.595627753633626,0.7932588734160712,1.5109666223220746,0.1271203711412087,9.135000228881836,8.319999694824219,2140700.0,False,False,False,0.0884465500036007,0.2200538563624579,0.2373138689135109,0.9272692631489508,0.9200078152972996,0.3576450559792994,0.96866225194865,False,False,0.2086050020279566,1.1567999982465598,0.911340338153256,1.7214237532089829,1.0972851352383517,1.8885220038688764,0.6121739926545515,1.2691036304014542,1.8871750275829,90.0,90.0,90.0,96.0,96.0,95.0,95.0,91.0,94.0,92.0,91.0,100.0,46.0,False,volDry=0.92; 50SMA=+35.8%; 252H=0.97x; prior=2.2x; blind=VARS,CADL
2026-06-04,27.950000762939453,28.489999771118164,27.510099411010746,27.770000457763672,577773.0,0.0112156794550117,28.58429950128197,29.441811944642836,30.137200088500972,30.80333334604899,31.389000129699703,28.92880014419556,20.398750042915346,26.600000381469727,35.849998474121094,26.600000381469727,36.81999969482422,21.059999465942383,36.81999969482422,21.059999465942383,36.81999969482422,4.300000190734863,40.369998931884766,4.300000190734863,40.369998931884766,987201.825,1001057.46,1937789.9722222225,30826417.783885,0.0516707922317714,1.33642155783517,0.0478147234831996,-2.2913580904291746,0.2319637628363147,-4.38168313885482,-4.894184587191965,27.86000061035156,26.920000076293945,664900.0,False,True,True,0.0350590459162609,0.1288014412594642,0.2779963627306134,0.4633205988535777,0.6807274579423244,-0.1095606534948634,0.6923458385544857,False,False,-0.1520023804822675,0.8116494993196368,0.0824942328927371,0.97493431599615,3.3946541157531174,3.9572115672528594,1.5067266115856293,1.9732955981686835,0.5094472771308105,12.0,13.0,13.0,67.0,67.0,99.0,99.0,31.0,19.0,68.0,63.0,11.538461538461538,100.0,False,tight; volDry=0.68; 50SMA=-11.0%; 252H=0.69x; prior=9.4x; blind=1m/RS/VARS,CAPR
2026-06-04,176.8000030517578,181.0,172.82000732421875,175.82000732421875,2368297.0,0.0169101715810715,170.41297511380878,176.32479133914262,162.31080078125,168.03800048828126,226.1727993774414,168.00009971618653,156.0279497528076,140.44000244140625,403.6799926757813,94.29000091552734,847.7000122070312,85.95999908447266,847.7000122070312,85.95999908447266,847.7000122070312,85.95999908447266,847.7000122070312,85.95999908447266,847.7000122070312,3440324.925,3325957.94,1378059.115079365,165880622.41630936,0.0727736327684978,10.912142072405134,0.0617202595251688,-3.5368741597018567,0.2694248683620966,10.114471320883188,8.59979712802923,178.47999572753906,169.14999389648438,541200.0,False,True,True,0.0462669261005984,0.1664592317182578,0.2311651267631647,0.7200879909918252,0.3597398769270065,-0.218296791044662,0.2085643511924103,False,False,0.1043097833328281,1.056975234488997,0.8217413445877839,1.6407275879534289,0.3401046984535569,1.206711079955271,0.5148659449803703,1.1925027193749465,2.496500249774746,94.0,82.0,82.0,96.0,96.0,82.0,82.0,80.0,92.0,92.0,90.0,80.76923076923077,82.0,False,tight; volDry=0.36; 50SMA=-21.8%; 252H=0.21x; prior=9.9x,CAR
2026-06-04,66.43000030517578,69.16000366210938,65.01270294189453,65.97000122070312,1342029.0,-0.0090990543260908,65.3872200060737,63.82611317678607,62.34199951171875,61.969333012898765,61.68439979553223,56.23519989013672,43.061099948883054,53.70000076293945,70.43000030517578,46.34999847412109,70.43000030517578,43.11000061035156,70.43000030517578,30.229999542236328,70.43000030517578,25.399999618530277,70.43000030517578,16.59000015258789,70.43000030517578,1591395.725,1781396.58,1992077.099206349,118861957.8499897,0.0684934058606425,4.261235645839146,0.0641462535942083,1.199346123704323,-0.1431511094551162,-1.7314771802649327,1.6051887381165906,69.29000091552734,66.44999694824219,1784100.0,False,True,True,0.0624311410682277,0.1859099566067421,0.2518440383167187,0.7381947885259923,1.0985666650376076,0.0769335605983683,0.9432060204079532,False,False,0.0666345794351308,1.0209149205488213,0.2324675032389538,1.1100057864020183,1.23820753443831,2.015417029850582,2.420700311235688,2.692775843850752,0.7988625167339246,28.0,76.0,76.0,82.0,82.0,96.0,96.0,77.0,80.0,81.0,92.0,84.61538461538461,81.0,False,tight; volDry=1.10; 50SMA=+7.7%; 252H=0.94x; prior=4.2x; blind=1m/VARS,CENX
2026-06-04,49.58000183105469,50.95700073242188,46.810001373291016,48.959999084472656,1490279.0,-0.0095884844000908,44.51529702614603,40.55610158228467,38.703200073242186,36.681000073750816,30.31919994354248,25.65439998626709,24.97464997291565,24.149999618530277,51.25,17.020000457763672,51.25,17.020000457763672,51.25,17.020000457763672,51.25,17.020000457763672,51.25,17.020000457763672,51.25,877164.475,767295.58,462031.6626984127,42886809.28396225,0.0760158060902658,2.9755001068115234,0.0600141185341345,10.585300596896811,-0.1613172660076576,7.153684901299103,4.294259973726849,51.25,48.09999847412109,1545800.0,False,True,False,0.0836425818067107,0.2853973578721407,0.3864461302906032,0.7385178308229533,1.3713592615768748,0.6352674847416104,0.967414669874238,False,False,0.4703440105634981,1.4073199647425836,1.545174691793799,2.2922783991224973,1.329887228912034,2.097970955119273,1.5078401964115606,1.9741722123255847,1.898494293393398,90.0,96.0,96.0,98.0,98.0,97.0,97.0,97.0,97.0,97.0,96.0,96.15384615384616,59.0,False,tight; volDry=1.37; 50SMA=+63.5%; 252H=0.97x; prior=3.0x,CEVA
2026-06-04,535.6300048828125,548.010009765625,491.0499877929688,552.3900146484375,7588956.0,-0.1365958877788209,579.6555590658929,567.607504762438,566.880400390625,555.4693328857422,516.0186004638672,410.3138000488281,292.21104961395264,461.0700073242188,637.510009765625,329.4100036621094,637.510009765625,236.17999267578125,637.510009765625,201.6999969482422,637.510009765625,168.22000122070312,637.510009765625,70.7699966430664,637.510009765625,2360056.4,2483163.12,2830018.0793650798,1376608850.059424,0.0667430933834416,43.81642368861607,0.0818035272280954,0.4645915525759005,-1.9339777896202712,5.425488406914623,6.28732427728195,637.510009765625,609.7899780273438,2654000.0,False,False,False,0.1063421045374749,0.2734350589726567,0.2734350589726567,1.0,1.1222845481049186,0.0380052277210858,0.8401907368948328,False,False,-0.0167416156350389,0.941112518482686,0.7896091771755016,1.6117881703513106,1.6450864438657409,2.381795335047766,5.433221128272514,5.064232723183135,0.8339368632335676,31.0,41.0,41.0,95.0,95.0,97.0,97.0,66.0,87.0,94.0,95.0,7.6923076923076925,53.0,False,volDry=1.12; 50SMA=+3.8%; 252H=0.84x; prior=9.0x; blind=1m/RS,CIEN
2026-06-04,25.549999237060547,26.32999992370605,24.170000076293945,25.01499938964844,25718483.0,-0.0262957522894907,24.2199189028339,22.670423486496453,21.66059997558594,21.02483336130778,18.968500156402587,17.44995011329651,16.320875017642976,16.479999542236328,28.6200008392334,11.720000267028809,28.6200008392334,11.720000267028809,28.6200008392334,11.720000267028809,28.6200008392334,11.720000267028809,28.6200008392334,3.289999961853028,28.6200008392334,26210262.075,26235357.66,35283805.48809524,570024288.4651769,0.0943832437876113,2.198714392525809,0.0860553603984672,4.031938552180608,-0.3138199924479358,-1.4896635529843598,-2.541762164242124,28.6200008392334,25.812000274658203,37902600.0,False,False,False,0.0845401139691232,0.3491193871879021,0.4305283885897101,0.8109090978449042,0.9890217101770588,0.3469699252123766,0.8927323021610686,False,False,0.1561085428072459,1.10655371941057,0.6864686389701173,1.5188959894867269,0.448412705277863,1.3042381403659846,6.438136728580537,5.855302447920496,0.7428411338409443,23.0,87.0,87.0,95.0,95.0,86.0,86.0,92.0,95.0,93.0,92.0,92.3076923076923,48.0,False,volDry=0.99; 50SMA=+34.7%; 252H=0.89x; prior=8.7x; blind=VARS,CIFR
2026-06-04,14.43000030517578,14.68000030517578,13.621399879455566,13.920000076293944,14606368.0,0.019788034925374,13.250952058470457,12.28682624987114,11.615199928283692,11.343666617075602,10.393999919891357,10.989699997901916,11.603850014209748,9.039999961853027,15.0600004196167,7.730000019073486,15.0600004196167,7.730000019073486,15.0600004196167,7.730000019073486,15.350000381469728,7.730000019073486,15.350000381469728,6.71999979019165,16.700000762939453,17903356.7,17415547.36,22422573.682539683,213572001.596834,0.0562645543201349,0.806328569139753,0.0558786245382501,6.949007534115708,0.3472538334394276,-0.1257398150355477,-4.062564760375128,14.890000343322754,14.0600004196167,25165300.0,False,False,False,0.073361081312002,0.3395703720426844,0.3458073887221372,0.9819638998967012,1.280253002625121,0.3883009829123234,0.8640718350863047,False,False,0.3549296546516831,1.296852668568571,0.351123585472433,1.2168718396852256,0.1186047078984195,1.007259131819194,0.9087302135442064,1.5025527359347186,0.7984523522356057,28.0,94.0,94.0,88.0,88.0,65.0,65.0,93.0,92.0,90.0,88.0,96.15384615384616,26.0,False,volDry=1.28; 50SMA=+38.8%; 252H=0.86x; prior=2.5x; blind=VARS,CLF
2026-06-04,3.990000009536743,4.014999866485596,3.630000114440918,3.650000095367432,7431552.0,0.0931506589824033,3.755923616716978,3.522086285169145,3.38439998626709,3.2393333276112872,2.733400001525879,2.449099991321564,2.608949991464615,2.3499999046325684,4.230000019073486,1.5800000429153442,4.230000019073486,1.5800000429153442,4.230000019073486,1.5800000429153442,4.230000019073486,1.5800000429153442,4.230000019073486,1.5800000429153442,4.230000019073486,6952483.8,6678257.04,7500581.158730159,31066325.650398683,0.072585309561455,0.2340000186647687,0.0586466210790654,7.838823257633257,1.452990970297312,1.5341890848419837,0.0759333861839884,3.7200000286102295,3.575000047683716,6967900.0,False,False,False,0.0964911656953549,0.1954887141667781,0.380952375261521,0.5131578823536055,1.1926353167143144,0.4597204972961828,0.943262409348804,False,False,0.528735697282567,1.46320878117218,0.9275362986539486,1.7360104338515654,0.6024096362469775,1.4429062631581662,0.2870968168657615,1.0132028245120706,0.9269260145139272,43.0,97.0,97.0,96.0,96.0,90.0,90.0,95.0,96.0,95.0,94.0,96.15384615384616,39.0,False,volDry=1.19; 50SMA=+46.0%; 252H=0.94x; prior=2.7x; blind=VARS,CLOV
2026-06-04,425.3599853515625,427.1499938964844,401.0799865722656,419.7000122070313,2722053.0,-0.0715502428270304,409.2449858076143,393.5366930399919,388.2843981933594,388.9736653645833,367.0699987792969,328.60280014038085,303.8963000488281,324.5,474.0299987792969,253.1100006103516,474.0299987792969,244.50999450683597,474.0299987792969,244.50999450683597,474.0299987792969,244.50999450683597,474.0299987792969,117.27999877929688,474.0299987792969,2438173.825,2319057.06,2894467.273809524,901193541.1984068,0.0641676525547647,28.63071550641741,0.0673093767453324,2.3592257281837337,-1.1449252565667647,0.1822194823660456,-1.3119458875853247,469.4599914550781,441.489990234375,2285600.0,False,False,False,0.0612892801909228,0.3150978074924473,0.3515375303948947,0.8963418703501919,1.1029376310387118,0.1587980133656001,0.8973271447944909,False,False,0.0184360044580242,0.9747823037257496,0.6001204034065164,1.4411275770382743,0.3978769378119993,1.258732687989411,2.507834222810656,2.761367673277792,0.8423566737346532,32.0,63.0,63.0,93.0,93.0,85.0,85.0,84.0,88.0,87.0,85.0,69.23076923076923,40.0,False,volDry=1.10; 50SMA=+15.9%; 252H=0.90x; prior=4.0x; blind=1m/RS/VARS,CLS
2026-06-04,16.780000686645508,17.165000915527344,16.325000762939453,16.850000381469727,18151211.0,-0.0471323052208279,17.063374953201613,15.960880195721966,15.176399955749512,14.660333283742268,12.850800037384031,11.789650011062625,12.701449975967408,11.130000114440918,19.170000076293945,8.0,19.170000076293945,8.0,19.170000076293945,8.0,19.170000076293945,8.0,20.850000381469727,8.0,23.61000061035156,22314527.775,21736920.22,26926760.361111112,380265232.19070274,0.0800094557721344,1.3234284264700753,0.0788693904835973,3.8767300149847874,-0.6271589056915442,-0.3601234379090137,-1.2697758720430723,18.270000457763672,17.329999923706055,22735300.0,False,True,True,0.050059601800637,0.2321811531001859,0.4034565065990509,0.5754800066489548,1.0859731213569317,0.3057553333513172,0.7107158091003389,True,False,0.2513050617136099,1.197669785221303,0.6864322621414005,1.5188632271702678,0.2239241896394241,1.102095144034266,0.8219327488756014,1.4342257575673334,0.8287119384486997,31.0,92.0,92.0,95.0,95.0,75.0,75.0,91.0,94.0,92.0,91.0,73.07692307692307,63.0,False,tight; NR7; volDry=1.09; 50SMA=+30.6%; 252H=0.71x; prior=3.0x; blind=VARS,CLSK
2026-06-04,13.050000190734863,13.81999969482422,12.527999877929688,12.600000381469728,3515306.0,0.0283688433613555,12.49270690109878,11.558373244752064,10.966200065612792,10.619833374023438,8.875700006484985,7.838000001907349,6.831749989986419,8.220000267028809,14.760000228881836,4.880000114440918,14.760000228881836,4.880000114440918,14.760000228881836,4.880000114440918,14.760000228881836,4.880000114440918,14.760000228881836,2.25,14.760000228881836,5137107.65,4422986.12,2830130.1825396824,50526961.484027006,0.0817864511707355,0.9967140470232282,0.0763765542111537,6.15773508823651,0.3611874553456281,2.068856127902981,1.5694206629099443,13.359999656677246,12.5,3208600.0,False,False,False,0.0990038159395442,0.3111111387185409,0.4306513259324797,0.722420018201265,1.0176519839497031,0.4703065877846195,0.8841463406754624,False,False,0.4002146585886765,1.3401966001152796,0.9261992630314666,1.7348062501520516,1.6417004128695454,2.378746348558206,1.8431372019404255,2.238118069855988,1.8151488866812828,90.0,95.0,95.0,96.0,96.0,97.0,97.0,93.0,97.0,96.0,95.0,88.46153846153845,37.0,False,volDry=1.02; 50SMA=+47.0%; 252H=0.88x; prior=6.6x,CMPS
2026-06-04,5.760000228881836,6.549900054931641,4.3719000816345215,4.820000171661377,1907458.0,0.1141199504605858,5.975091533901385,4.924210032278999,3.779399971961975,3.422499974568685,2.691199984550476,2.660349988937378,6.592024979591369,1.2599999904632568,13.539999961853027,1.2599999904632568,13.539999961853027,1.2599999904632568,13.539999961853027,1.2599999904632568,13.539999961853027,1.2599999904632568,16.31999969482422,1.2599999904632568,46.5,8586401.45,7024997.16,1888387.5714285716,75805950.28466685,0.4306991371251951,2.786642815385546,0.4837921362247072,2.357023125676733,0.2117243549587323,-0.93902930309563,-4.43217047682859,6.099999904632568,5.0,1180600.0,False,False,True,0.3781249803387464,1.8402776880948668,2.1319443547615333,0.8631921766554312,2.7408460617797603,1.140309253102183,0.1238709726641255,False,False,2.6226415773353007,3.46736259015785,1.4721031834713911,2.2264674979459245,-0.4514285496303013,0.4939668132438756,-0.3239436714310083,0.5321916522980596,4.546948719591688,98.0,99.0,99.0,98.0,98.0,10.0,10.0,99.0,99.0,99.0,98.0,76.92307692307693,39.0,False,volDry=2.74; 50SMA=+114.0%; 252H=0.12x; prior=36.9x; blind=VARS,CODX
2026-06-04,421.8999938964844,432.5050048828125,380.2000122070313,398.7000122070313,6001404.0,0.0107083853559486,393.1482562313252,377.2081835628129,368.7340026855469,360.7516682942708,331.42600219726563,282.0529008483887,209.37045040130616,291.0,440.0,215.5500030517578,440.0,175.24000549316406,440.0,167.5,440.0,123.75,440.0,76.87999725341797,440.0,6199960.1,6133396.08,5108577.396825396,2427188487.158014,0.0838696554684761,31.087498256138392,0.0736845193312941,3.7047671634840103,0.1437877433517989,4.765001560892699,2.831455731166521,440.0,409.1799926757813,5393600.0,False,False,False,0.1239748599963587,0.2287034643997871,0.3124673820322711,0.731927482837767,0.9419447765388732,0.2729839876756814,0.95886362249201,False,False,0.2566645223553319,1.2027995207846538,0.6618741954981071,1.4967453246655258,1.5586754530788762,2.303985668286094,4.240993712999806,4.125711107104102,1.2136373041647204,72.0,92.0,92.0,94.0,94.0,97.0,97.0,90.0,93.0,95.0,94.0,96.15384615384616,49.0,False,volDry=0.94; 50SMA=+27.3%; 252H=0.96x; prior=5.7x,COHR
2026-06-04,55.880001068115234,57.41999816894531,53.5,54.0,1225138.0,-0.0042765122654551,53.35911673800355,50.72792881195174,49.618799743652346,48.93399976094564,43.71199985504151,36.68709991455078,29.56454997062683,41.54999923706055,58.470001220703125,27.09000015258789,58.470001220703125,26.6299991607666,58.470001220703125,22.799999237060547,58.470001220703125,21.100000381469727,58.470001220703125,17.709999084472656,58.470001220703125,1527633.45,1344398.76,790849.3571428572,79587959.81305428,0.0557566637529645,3.174999782017299,0.0568181768312265,4.899268870262685,-0.0755898835423049,8.943869303233908,9.830759226873544,58.459999084472656,55.650001525878906,1135300.0,False,False,False,0.0701502880103207,0.2467788234062119,0.3027917262030444,0.8150117788909738,1.4053596717093075,0.2783675250143087,0.9557037780312064,False,False,0.1533539770521359,1.1039172239010075,0.9429763777261208,1.7499163397416395,1.3090908804305248,2.0792446689087947,2.094130826166078,2.4357002918517057,1.9316364566811577,91.0,86.0,86.0,96.0,96.0,96.0,96.0,86.0,94.0,92.0,94.0,92.3076923076923,32.0,False,volDry=1.41; 50SMA=+27.8%; 252H=0.96x; prior=3.3x,COHU
2026-06-04,74.88999938964844,75.43000030517578,72.29000091552734,72.79000091552734,692416.0,0.0308327297552997,68.0796389904146,62.76586770568605,59.0731999206543,56.913333384195965,51.08959991455078,44.20420009613037,59.484750251770016,44.2400016784668,75.43000030517578,31.809999465942383,75.43000030517578,28.65999984741211,75.43000030517578,28.65999984741211,89.0,28.65999984741211,89.0,28.65999984741211,91.0,1113752.9,1434622.32,1375028.634920635,67115122.19265442,0.0431312847452529,2.821428571428572,0.0376743035708791,12.365352799898249,0.7939232934879351,9.717056818920245,1.5351526329896017,72.94999694824219,70.06999969482422,793300.0,False,False,False,0.0419281534949839,0.2364801606196914,0.3418346732909657,0.6917968804715204,0.6631930834590667,0.4658560551443873,0.822967026259873,False,False,0.4589907796251029,1.3964533726735524,1.200058677304188,1.981454160709131,-0.0726845293624458,0.8350107676837264,0.0773988935128195,0.8481285849899043,0.809985240826846,29.0,96.0,96.0,97.0,97.0,34.0,34.0,95.0,95.0,96.0,95.0,100.0,47.0,False,volDry=0.66; 50SMA=+46.6%; 252H=0.82x; prior=3.2x,CORT
2026-06-04,27.90999984741211,28.5049991607666,27.43000030517578,27.856000900268555,8814776.0,-0.0352575335984765,27.234774542222528,25.63895026835284,24.59160011291504,23.90533339182536,21.40280004501343,19.341649990081788,18.04512501716614,19.200000762939453,30.459999084472656,13.5600004196167,30.459999084472656,13.5600004196167,30.459999084472656,13.354999542236328,30.459999084472656,13.354999542236328,30.459999084472656,10.93000030517578,30.459999084472656,15375371.9,14481391.52,15128450.301587302,380197606.54931337,0.0599854647867903,1.564714023045131,0.0560628459906715,5.423109919450859,-0.6518766002867554,1.775292219235325,1.6901463069334823,29.700000762939453,28.513999938964844,11968500.0,False,True,True,0.0385166199021135,0.2533142147429917,0.3457541981830231,0.7326424843839531,1.0407382176764737,0.3040349762046566,0.9162836732204488,True,False,0.2577737348214721,1.2038611885559547,0.7443749904632568,1.5710485899065303,0.7642225275480465,1.5886123479423806,1.3652541861250571,1.8619284817335144,1.0163216716511136,54.0,92.0,92.0,95.0,95.0,93.0,93.0,90.0,94.0,92.0,91.0,88.46153846153845,71.0,False,tight; NR7; volDry=1.04; 50SMA=+30.4%; 252H=0.92x; prior=2.8x; blind=VARS,CORZ
2026-06-04,7.78000020980835,8.5,7.349999904632568,7.599999904632568,1835585.0,-0.0101781071688461,8.227713189544758,7.273346761600273,6.190000047683716,5.990666715304057,5.413200030326843,5.02150000333786,4.264450005292892,3.2100000381469727,14.390000343322754,3.2100000381469727,14.390000343322754,3.2100000381469727,14.390000343322754,3.039999961853028,14.390000343322754,3.0299999713897705,14.390000343322754,2.0999999046325684,14.390000343322754,1941277.125,1597235.7,525992.003968254,34708381.23003733,0.2007372065656449,1.7899998596736364,0.2300770965811748,1.9003523389458672,-0.0446926983115187,4.122278171100584,5.864082466407949,9.199999809265137,7.75,2733800.0,False,True,True,0.1478149182975099,1.2917737686002495,1.3830334111452287,0.934014867746824,4.040122882302217,0.4372275486259098,0.540653233091716,True,False,1.1315068511046618,2.0401430719574063,0.9547739126944714,1.760541635780468,1.3865031388244835,2.14895133439258,1.8290909853848545,2.2270608858886867,3.690697026484009,97.0,99.0,99.0,96.0,96.0,97.0,97.0,98.0,96.0,95.0,95.0,73.07692307692307,64.0,False,tight; NR7; volDry=4.04; 50SMA=+43.7%; 252H=0.54x; prior=6.9x,CPSH
2026-06-04,217.5,227.68960571289065,200.0,204.41000366210935,7420666.0,0.0135134846878126,215.74311842177923,204.67029654808195,198.81820068359372,195.7741668701172,168.48070037841796,145.21665069580078,147.2953004837036,148.94500732421875,245.9499969482422,86.48500061035156,245.9499969482422,86.48500061035156,245.9499969482422,86.48500061035156,245.9499969482422,86.48500061035156,245.9499969482422,66.75,245.9499969482422,7579839.15,7138341.32,6313505.023809524,1581272056.271576,0.1049540922136413,21.766112191336497,0.1000740790406275,2.9073367670665147,0.13323435398071,0.2792753851324061,0.0084021489925547,235.0,204.0,9697100.0,False,False,True,0.1273085320132902,0.3029425259294181,0.4459999522943606,0.6792434043344372,1.235098772217297,0.290949049425137,0.8843260935098559,False,False,0.1236244860790849,1.07546204206096,0.8955900649243267,1.707238474996309,0.1542135278183818,1.0393234605176425,2.0241936253818675,2.3806457159686074,1.2005754523699388,71.0,84.0,84.0,96.0,96.0,69.0,69.0,90.0,96.0,95.0,94.0,73.07692307692307,44.0,False,volDry=1.24; 50SMA=+29.1%; 252H=0.88x; prior=3.7x; blind=VARS,CRDO
2026-06-04,9.920000076293944,10.279999732971191,9.710000038146973,10.15999984741211,3327754.0,-0.05298332076031,10.024478336165677,9.061860026167668,8.296199989318847,8.020499992370606,7.164100017547607,6.318749985694885,6.866899981498718,6.239999771118164,13.100000381469728,5.164999961853027,13.100000381469728,4.480000019073486,13.100000381469728,4.480000019073486,13.100000381469728,4.480000019073486,13.100000381469728,4.480000019073486,13.100000381469728,2639591.35,2303539.08,1437428.7857142857,45758559.95953302,0.0904744270683404,1.067214352743966,0.1075820911830749,3.5757063177597845,-0.5200457656409824,2.4324008875790533,-1.1510364801621034,11.289999961853027,10.345000267028809,3083700.0,False,False,True,0.0574596462137495,0.6467742254905222,0.6491935972306528,0.9962732661713682,3.088953628692073,0.3846819631211304,0.7572518921698682,True,False,0.3932584600758038,1.333538568406002,0.5897436602816335,1.4317818986472763,0.535603717912587,1.3827501858354585,0.0889133315195025,0.8571927524698997,1.8363284332644956,90.0,95.0,95.0,93.0,93.0,89.0,89.0,93.0,92.0,94.0,92.0,80.76923076923077,42.0,False,NR7; volDry=3.09; 50SMA=+38.5%; 252H=0.76x; prior=2.9x,CRSR
2026-06-04,719.0900268554688,720.9199829101562,671.2200927734375,674.0700073242188,7389052.0,-0.0381481775991559,704.3298859493656,648.7262204951389,604.3200024414062,578.7833353678385,509.9997998046875,466.5568002319336,476.7740505981445,432.5499877929688,785.6599731445312,361.8070068359375,785.6599731445312,342.7200012207031,785.6599731445312,342.7200012207031,785.6599731445312,342.7200012207031,785.6599731445312,342.7200012207031,785.6599731445312,3505371.3,3485025.04,3246039.888888889,2520366960.359015,0.0518519112791795,38.02398681640625,0.052877922647158,7.753349181737923,-0.7500517668964742,3.1490070944758486,-0.1444848462393709,767.0,742.1199951171875,5246600.0,False,False,True,0.0691149762625035,0.2121708556524423,0.4165959276568464,0.5092965186813089,1.1298298160864864,0.4099809982883438,0.9152687567592092,False,False,0.5090131339003332,1.4443315952862177,0.687370989009132,1.5197086792834429,0.3921015271491541,1.2535321599663471,0.4712538106386688,1.1581712400961657,1.079891627949119,61.0,96.0,96.0,95.0,95.0,84.0,84.0,94.0,93.0,92.0,91.0,84.61538461538461,32.0,False,volDry=1.13; 50SMA=+41.0%; 252H=0.92x; prior=2.3x,CRWD
2026-06-04,36.150001525878906,36.880001068115234,34.95000076293945,35.0099983215332,1511242.0,0.0080870304124767,34.79329383622903,33.818861761401294,33.44680007934571,33.077666727701825,31.031000022888183,27.621699981689453,21.93354995727539,29.850000381469727,36.9900016784668,22.030000686645508,36.9900016784668,21.950000762939453,36.9900016784668,17.8799991607666,36.9900016784668,14.619999885559082,36.9900016784668,12.489999771118164,36.9900016784668,2275796.05,2324448.84,1695213.261904762,76799354.21484986,0.0460164248560999,1.867142949785505,0.0516498719494897,3.193892071303866,0.1553180036700771,5.8316132426133045,7.709407878661066,36.59000015258789,35.16999816894531,2214700.0,False,False,False,0.0533886645563248,0.1770401453869179,0.197510400985342,0.8963585943003411,1.1393686771785436,0.1649641165033353,0.9772911566782414,False,False,0.096784057342679,1.0497720872261602,0.3724374076105383,1.2360678556787228,1.14031988349476,1.9272730862313363,1.8509464239620743,2.244265490707237,1.3424836279553929,79.0,81.0,81.0,88.0,88.0,96.0,96.0,74.0,87.0,84.0,90.0,100.0,35.0,False,volDry=1.14; 50SMA=+16.5%; 252H=0.98x; prior=3.0x; blind=1m,CSTM
2026-06-04,3.069999933242798,3.390000104904175,3.059999942779541,3.309999942779541,14810369.0,-0.1495844813144221,3.3901410185897256,3.1675375207325254,3.0027999877929688,2.8703333298365274,2.5309999918937685,2.389499992132187,2.3933999931812284,2.0999999046325684,4.119999885559082,1.7799999713897705,4.119999885559082,1.7799999713897705,4.119999885559082,1.7300000190734863,4.119999885559082,1.7000000476837158,4.119999885559082,1.3200000524520874,4.119999885559082,4600536.725,4181879.38,4016720.908730159,21461224.54424735,0.0947698718253375,0.3264285326004028,0.1063285145598035,2.002842633637288,-1.6542670383353644,-0.9318679402531354,1.9937950475412607,3.880000114440918,3.5799999237060547,5459900.0,False,False,True,0.1074919118242648,0.4495113700424952,0.5863192154584087,0.7666666180999178,1.685990020113875,0.2129592821316976,0.7451456355626088,False,False,0.1807692484037417,1.130157381602037,0.5049019562011037,1.3553703241350863,0.5049019562011037,1.355104468247761,0.7542856761387415,1.3809739708572522,1.1453463732072957,67.0,88.0,88.0,92.0,92.0,88.0,88.0,90.0,89.0,87.0,86.0,53.84615384615385,44.0,False,volDry=1.69; 50SMA=+21.3%; 252H=0.75x; prior=3.1x; blind=RS/VARS,DDD
2026-06-04,243.6000061035156,251.0200042724609,240.2899932861328,250.07000732421875,6921049.0,-0.0268844951796112,240.45859441827128,219.98603702630103,206.05200073242187,193.56100056966145,163.77280059814453,143.22975028991698,146.5312004852295,124.31999969482422,278.7049865722656,100.79499816894533,278.7049865722656,98.01000213623048,278.7049865722656,98.01000213623048,278.7049865722656,98.01000213623048,278.7049865722656,98.01000213623048,278.7049865722656,6440486.225,5962506.98,5706313.686507937,1683499323.5866013,0.0565823824469859,13.479354858398438,0.0553339676546252,8.808811947060423,-0.4992817384984769,5.168729043552576,-0.2856776997024514,262.20001220703125,245.6300048828125,8862600.0,False,False,True,0.0440476630438527,0.2838464174105535,0.4073685667700414,0.69678036197325,1.1506980072331925,0.4874265153543176,0.8740425103242722,False,False,0.6715845278617665,1.5999346152422584,0.9908467218731548,1.7930301410066791,0.5567485477675294,1.4017902656883032,1.0529243096703378,1.6160623519624604,1.128659687992258,66.0,97.0,97.0,97.0,97.0,89.0,89.0,96.0,96.0,95.0,94.0,84.61538461538461,42.0,False,volDry=1.15; 50SMA=+48.7%; 252H=0.87x; prior=2.8x,DDOG
2026-06-04,422.0499877929688,430.5,399.0,401.8699951171875,12261715.0,0.0023036032384233,374.7786080206874,325.11001372563703,286.1323974609375,273.6366643269857,237.42679321289063,183.80410507202149,159.4273080444336,200.83999633789065,469.4700012207031,144.70226708357305,469.4700012207031,110.85698684434615,469.4700012207031,109.8800132652644,469.4700012207031,109.8800132652644,469.4700012207031,107.53490919233596,469.4700012207031,8946710.375,8830792.3,7350652.043650794,4068830707.287613,0.0661398409090276,29.570002964564733,0.0700627978197452,11.098621955807598,0.0328035550711823,16.358995430445525,10.246139571104662,436.0,407.0,14231100.0,False,False,False,0.0746357088285284,0.5430636265310671,0.5738656650952216,0.9463253502733197,1.933455223491101,0.7776005061675337,0.8989924525434337,False,False,0.9510446260313016,1.867416083985198,1.8894065174397736,2.602306304382958,2.1276795122987675,2.8163512346425974,2.8290200309636075,3.014205193928504,1.217131530899741,73.0,98.0,98.0,99.0,99.0,98.0,98.0,97.0,97.0,98.0,98.0,88.46153846153845,32.0,False,volDry=1.93; 50SMA=+77.8%; 252H=0.90x; prior=4.4x,DELL
2026-06-04,0.4569999873638153,0.5968999862670898,0.4510000050067901,0.5570999979972839,17564627.0,-0.3127819960635839,0.3732358019282648,0.3187963239968879,0.2374400004744529,0.2489333339035511,0.4004999993741512,0.6664199989289046,1.3369349994882942,0.1120000034570694,0.9190000295639038,0.1120000034570694,1.2699999809265137,0.1120000034570694,1.3300000429153442,0.1120000034570694,1.870000004768372,0.1120000034570694,2.8499999046325684,0.1120000034570694,10.100000381469728,28015850.675,22446062.54,4958715.107142857,17636842.414701656,0.2724829315207182,0.1107142886945179,0.2422632204722117,0.5823154991695042,-1.878709934792328,-10.523467201751988,-14.048677067035223,0.9190000295639038,0.6200000047683716,59057600.0,False,False,False,0.3192559853270837,1.7658644385571631,1.7658644385571631,1.0,4.0592358921583935,0.1410736281596876,0.0452475217924015,False,False,1.2849999027699246,2.1870568788664464,-0.4237074435604884,0.5190303765634016,-0.7607329867276369,0.2154504467574416,-0.9067346982715626,0.0734184607575475,5.649820582481969,99.0,99.0,99.0,5.0,5.0,3.0,3.0,99.0,99.0,98.0,98.0,92.3076923076923,34.0,False,volDry=4.06; 50SMA=+14.1%; 252H=0.05x; prior=90.2x; blind=VARS,DEVS
2026-06-04,24.59000015258789,25.15999984741211,23.530000686645508,23.59000015258789,2562256.0,0.0423908433035893,23.339964039634104,22.76246103840246,22.36,22.249333318074545,21.74,19.47159999847412,15.57405002593994,19.32999992370605,25.15999984741211,17.1299991607666,26.25,15.614999771118164,26.25,12.0,26.25,10.46500015258789,26.25,6.34499979019165,26.25,1873353.9,1872265.12,1693208.9523809524,40638364.78592415,0.0531764037946247,1.2175000054495675,0.0495119966610262,2.647737357998857,0.8213552324632191,3.1783356871497173,2.5128304504011485,23.709999084472656,22.290000915527344,2293700.0,False,False,False,0.0662870740403414,0.1813745041397764,0.2370882426811411,0.7650084293032877,1.114690210112978,0.131094763228514,0.9367619105747768,False,False,0.0977678826496921,1.0507137423670194,0.4011396707448789,1.26191817471612,1.0389717493367576,1.83601311485568,2.197659293838278,2.517197918516895,1.1063926264775128,64.0,81.0,81.0,89.0,89.0,95.0,95.0,81.0,80.0,82.0,90.0,100.0,35.0,False,volDry=1.11; 50SMA=+13.1%; 252H=0.94x; prior=4.1x; blind=1m,DFTX
2026-06-04,7.480000019073486,8.0,7.329899787902832,7.420000076293945,9811222.0,-0.0183726861664281,7.698815347301398,7.188003257383443,7.019199981689453,6.397999986012777,4.858999993801117,3.756200007200241,3.522925007939339,2.934999942779541,9.199999809265137,1.8600000143051147,9.199999809265137,1.8600000143051147,9.199999809265137,1.8600000143051147,9.199999809265137,1.8600000143051147,9.199999809265137,1.4199999570846558,9.199999809265137,13272878.05,10982140.44,4651562.388888889,129986967.96657166,0.1446993815935022,0.8802928243364606,0.1176862061620019,4.583471801867057,-0.1590378367461118,5.372178785277759,4.751131196838228,8.520000457763672,7.545000076293945,17199700.0,False,True,True,0.0895855896241254,0.2225936409685225,0.4966577093954196,0.4481831989268532,1.087315561591926,0.5394114074122489,0.8130434971901334,False,False,0.4637964429815218,1.401053048624712,1.5793102665832035,2.323022159455991,1.1129943784400638,1.902667553728595,3.921052705878367,3.8738534940287614,2.8534236328216744,95.0,96.0,96.0,98.0,98.0,95.0,95.0,98.0,99.0,98.0,98.0,42.30769230769231,67.0,False,tight; volDry=1.09; 50SMA=+53.9%; 252H=0.81x; prior=6.5x; blind=RS,DGXX
2026-06-04,180.5,184.4600067138672,160.8800048828125,166.1199951171875,3316308.0,0.03926766243565,165.92886206567908,155.294127124328,152.84639953613282,143.41433283487956,120.17899932861329,91.23809978485107,66.37319985389709,90.11000061035156,184.4600067138672,62.0,184.4600067138672,51.02999877929688,184.4600067138672,43.810001373291016,184.4600067138672,37.834999084472656,184.4600067138672,25.559999465942383,184.4600067138672,4124175.2,4622836.16,3068330.984126984,531716876.3403961,0.0778183707497059,12.244641985212054,0.0678373517186263,7.398966630532122,0.5569789081996293,10.093341815729898,9.64198506673655,179.80999755859375,166.875,3294700.0,False,False,False,0.1306371292579207,0.2024930916994892,0.2506925207756232,0.8077348740719958,0.634420234352411,0.5019263016697872,0.9785318954259288,False,False,0.1815146622506038,1.1308708444251232,2.353148687724343,3.019969643222894,3.045271275679424,3.6426061899642894,5.002660519849239,4.725295341890865,1.344110274065961,79.0,88.0,88.0,99.0,99.0,99.0,99.0,97.0,97.0,98.0,98.0,100.0,52.0,False,volDry=0.63; 50SMA=+50.2%; 252H=0.98x; prior=7.2x,DOCN
2026-06-04,7.130000114440918,7.309999942779541,6.669000148773193,6.900000095367432,1771889.0,0.0200286620753864,6.926359484286159,6.496436164298839,6.020799980163575,5.952666648228964,5.721199979782105,6.633999991416931,7.056074998378754,4.940000057220459,8.279999732971191,4.349999904632568,8.279999732971191,4.349999904632568,8.699999809265137,4.349999904632568,10.619999885559082,4.349999904632568,11.279999732971191,1.899999976158142,14.399999618530272,1992069.725,2006415.78,3105758.28968254,16202661.170765543,0.0820193239605155,0.6017856257302421,0.0844019096874067,2.917494076164473,0.2326415542957997,-7.854775330696245,-6.976896932284191,7.289999961853027,6.760000228881836,2802300.0,False,False,True,0.0899017929478126,0.3955118723087625,0.4516128665510041,0.875776359804165,1.7018002619576686,0.246242071529978,0.4951389099528765,False,False,0.3953033127490855,1.3354957715988545,0.0705706122818363,0.9641954625674148,0.0258993251965016,0.9237816150199532,2.792553261981501,2.985498547428147,0.641411706641093,17.0,95.0,95.0,65.0,65.0,50.0,50.0,89.0,87.0,84.0,82.0,84.61538461538461,41.0,False,volDry=1.70; 50SMA=+24.6%; 252H=0.50x; prior=7.6x; blind=VARS,DPRO
2026-06-04,3.369999885559082,7.199999809265137,3.0299999713897705,5.666299819946289,2163407.0,-0.2979167184068076,2.873367905616474,2.513069555081984,2.130319995880127,2.147599999109904,2.4562199974060057,10.29300999403,22.541379960775377,1.5,7.199999809265137,1.5,14.0,1.5,62.0,1.5,62.0,1.5,62.0,1.5,62.0,2302145.175,1934836.14,854437.4087301587,20570068.44716404,0.1831705911050065,0.7616428221975055,0.2260067798403349,1.646087302413937,-1.8775208844611952,-8.16071010891328,-10.770597404645486,5.289999961853027,3.880000114440918,1789200.0,False,False,False,1.237388717947557,1.6913946595934404,1.6913946595934404,1.0,4.693607128922039,0.3720268905546375,0.0543548368638561,False,False,0.7282050272573561,1.6541281635823988,-0.1189542892686147,0.7935023312390785,-0.9141401303042272,0.0773134040981764,-0.9001481515389902,0.0786033914214846,2.694340336083113,95.0,98.0,98.0,23.0,23.0,1.0,1.0,98.0,95.0,94.0,92.0,92.3076923076923,34.0,False,volDry=4.69; 50SMA=+37.2%; 252H=0.05x; prior=41.3x; blind=VARS,DXST
2026-06-04,43.5099983215332,44.59989929199219,40.84999847412109,41.75,5698677.0,0.0761810040343513,48.845351372289024,48.43434536317528,49.33239959716797,46.13733310699463,39.20919990539551,34.037500057220456,30.418900060653687,28.43000030517578,72.87000274658203,23.809999465942383,72.87000274658203,23.809999465942383,72.87000274658203,23.809999465942383,72.87000274658203,19.711000442504883,72.87000274658203,19.711000442504883,72.87000274658203,4526729.425,4458307.54,1588187.2103174604,393827782.280282,0.1502064836338592,7.255493436540876,0.166754624601999,0.6577838702597507,0.4245056581328588,5.260226704759756,5.111746131583221,45.40900039672852,40.400001525878906,7273700.0,True,False,False,0.0861848072288998,0.7462652832287894,0.7462652832287894,1.0,1.6476897643539414,0.1096885023544147,0.5970906639436628,False,False,0.1345501969418361,1.0859194390481195,0.600809338962655,1.441748057863742,0.86338319531944,1.6779025926774271,0.0149288408116201,0.7989521492976742,2.850249262550829,95.0,85.0,85.0,93.0,93.0,94.0,94.0,92.0,91.0,89.0,87.0,30.76923076923077,67.0,False,inside; volDry=1.65; 50SMA=+11.0%; 252H=0.60x; prior=3.7x; blind=RS,DXYZ
2026-06-04,68.38999938964844,69.93499755859375,65.85009765625,66.94999694824219,4450613.0,-0.0091277496965983,65.17428398478175,58.23215679014483,51.424399871826175,48.6089999516805,42.98019996643066,42.79830001831055,38.43435009002685,29.899999618530277,73.73999786376953,29.899999618530277,73.73999786376953,29.899999618530277,73.73999786376953,29.899999618530277,73.73999786376953,25.780000686645508,73.73999786376953,25.780000686645508,73.73999786376953,8511635.325,7940522.26,7807293.305555556,549155523.570607,0.1077363658896481,6.314636502947126,0.0923327468826226,6.402904867067877,-0.0997677781015487,2.210437970483575,1.33850181482331,72.80000305175781,67.73999786376953,4896600.0,False,True,False,0.059729491721008,0.3053077561012287,0.5698201163005769,0.5357967319289595,1.1897342505529354,0.5911977944044908,0.9274478081216532,True,False,0.8986673659219182,1.8172838949730488,0.6619683318028193,1.4968301073009027,1.3485576036627904,2.114782886384534,0.563199986049107,1.2305512844006758,1.0902159034992631,62.0,98.0,98.0,94.0,94.0,97.0,97.0,98.0,95.0,94.0,93.0,80.76923076923077,64.0,False,tight; NR7; volDry=1.19; 50SMA=+59.1%; 252H=0.93x; prior=2.9x,ENPH
2026-06-04,8.359999656677246,8.545000076293945,7.869999885559082,7.961999893188477,7247364.0,0.0157958835567071,7.824446856156369,7.349003968311384,7.02439998626709,6.93799999554952,6.496999988555908,6.315550012588501,7.959050018787384,5.389999866485596,9.149999618530272,4.699999809265137,9.149999618530272,4.614999771118164,9.149999618530272,4.614999771118164,9.149999618530272,4.614999771118164,12.395000457763672,4.614999771118164,16.489999771118164,7208856.6,6996269.28,7209307.396825396,65048054.73702335,0.0946608638221939,0.6702142783573696,0.0801691753446497,3.576782197296286,0.1939679870138483,-5.704520546690514,-7.3473506217901265,8.680000305175781,8.140000343322754,7293100.0,False,False,False,0.0807416529252763,0.3576554897020851,0.4497607543609783,0.7952127575253723,1.3106036993476042,0.2867476791446675,0.5069739098068141,False,False,0.2151162089561382,1.1630321122544158,0.6554454140447705,1.4909553264757447,0.1087532757258391,0.9983883082411564,0.0542244435872465,0.8298856542224412,0.9999374701617528,52.0,90.0,90.0,94.0,94.0,64.0,64.0,92.0,90.0,89.0,87.0,92.3076923076923,26.0,False,volDry=1.31; 50SMA=+28.7%; 252H=0.51x; prior=3.6x; blind=VARS,ENVX
2026-06-04,8.079999923706055,8.175000190734863,7.739999771118164,8.12600040435791,16276095.0,-0.0146341327256489,8.408884734469225,8.076861419168193,7.78939998626709,7.654833316802978,6.891599988937378,8.920399990081787,10.690699996948242,6.065000057220459,9.989999771118164,4.369999885559082,9.989999771118164,4.369999885559082,16.989999771118164,4.369999885559082,18.739999771118164,4.369999885559082,19.86000061035156,3.690000057220459,19.86000061035156,29944377.375,27188635.9,21263386.09126984,267170729.4460216,0.1131365707948643,0.7786427225385394,0.0963666744914273,1.78943400240199,-0.154114181107167,-9.132507113568565,-6.45882806765525,9.128000259399414,8.140000343322754,21100300.0,False,True,True,0.0538366861044693,0.3254950077273587,0.4634900892228428,0.7022696176160586,0.8747908349458606,0.1724418040333646,0.4068479192037156,True,True,0.2969502245535622,1.2413584380107767,0.202380978567801,1.082908750261154,-0.36776212108515,0.5693051106636416,1.0932642858285535,1.647817987784623,1.4082600601084103,82.0,93.0,93.0,80.0,80.0,13.0,13.0,85.0,91.0,89.0,87.0,46.15384615384615,95.0,True,tight; NR20; volDry=0.87; 50SMA=+17.2%; 252H=0.41x; prior=5.4x; blind=RS/VARS,EOSE
2026-06-04,13.270000457763672,13.989999771118164,13.010000228881836,13.53499984741211,6754892.0,0.0068285394919564,12.649533468408691,12.455864940685066,11.256999893188476,12.11816651026408,14.321099910736084,13.313349976539612,7.950424996614456,8.699999809265137,24.280000686645508,8.699999809265137,24.280000686645508,8.699999809265137,24.280000686645508,3.259999990463257,24.280000686645508,2.1050000190734863,24.280000686645508,1.2100000381469729,24.280000686645508,7606357.3,7084635.84,3772521.396825397,56141831.502355,0.0751634820835758,0.9367855616978236,0.0705942373309982,-1.039676397457285,0.0960733771609107,7.187441363671935,11.21061407405272,13.734999656677246,12.710000038146973,4623900.0,False,False,False,0.0738507542147803,0.3089675423030364,0.3941220317876096,0.7839387737388339,0.7711785507947858,-0.0733951623495368,0.5465403658354278,False,False,0.3283284045839756,1.2713916403748713,-0.1460746145213423,0.7690767639275518,3.5916954934517804,4.134639505497543,8.18339098690356,7.229166885197736,2.01625292474174,91.0,94.0,94.0,20.0,20.0,99.0,99.0,92.0,84.0,80.0,98.0,92.3076923076923,58.0,False,volDry=0.77; 50SMA=-7.3%; 252H=0.55x; prior=20.1x,ERAS
2026-06-04,8.1899995803833,8.466400146484375,7.590000152587891,8.0,59010.0,0.0224718285091225,9.515699413897082,9.389271481623087,9.153600025177004,8.428000020980836,7.076800012588501,11.13340000629425,22.295450003147124,3.180000066757202,15.880000114440918,3.180000066757202,15.880000114440918,3.180000066757202,32.0,3.180000066757202,37.5,3.180000066757202,71.5,3.180000066757202,75.0,2530298.25,2027906.2,455159.0595238095,19281114.866360188,0.2490981786879316,1.7475999423435755,0.2133821772750061,0.7371875025141752,0.102998030121288,-14.7903196958216,-14.11433536206678,8.850000381469727,8.010000228881836,44400.0,False,True,False,0.1070085517459169,0.6605616757747033,1.1758242500410756,0.5617860626293663,0.0380200030948177,0.1573026743463987,0.1091999944051106,False,False,1.0526314688741558,1.9646485622765373,0.0567741394042968,0.9517698491652268,-0.7270000139872232,0.245825649540224,-0.8786666728832103,0.0955136149287827,5.55915167907943,99.0,98.0,98.0,63.0,63.0,3.0,3.0,98.0,97.0,96.0,95.0,46.15384615384615,84.0,False,tight; volDry=0.04; 50SMA=+15.7%; 252H=0.11x; prior=23.6x; blind=RS/VARS,ERNA
2026-06-04,65.08999633789062,66.80000305175781,63.27999877929688,64.7699966430664,1767361.0,0.0154445848258362,61.4406054900451,57.70495496190229,54.61079956054687,53.33666648864746,51.35079986572266,56.09949989318848,69.2575,44.310001373291016,68.72000122070312,42.04999923706055,68.72000122070312,42.04999923706055,76.1500015258789,42.04999923706055,80.66999816894531,42.04999923706055,96.06999969482422,42.04999923706055,96.06999969482422,2155686.525,2009101.22,1923370.876984127,149864830.4908699,0.0588821799006085,3.883571079799107,0.0596646381671153,4.484325306026919,0.254919465468041,-10.79289950396869,-12.154412019679704,66.9000015258789,63.25,2630400.0,True,True,False,0.0540790362652371,0.2396682004380015,0.3250883551685546,0.737240189097934,1.5538072790578463,0.2675556468077349,0.6775267674055937,False,False,0.2979061686429307,1.2422734070197168,0.2276498637479651,1.1056668422126237,-0.0992250980677023,0.8111120392023584,-0.2224346308711864,0.6120995856104676,1.1207856741494115,65.0,93.0,93.0,82.0,82.0,32.0,32.0,90.0,85.0,81.0,78.0,92.3076923076923,61.0,False,inside; tight; volDry=1.55; 50SMA=+26.8%; 252H=0.68x; prior=2.3x; blind=VARS,ESTC
2026-06-04,9.06999969482422,9.229999542236328,8.515000343322754,8.520000457763672,1832872.0,0.0546510805240418,8.898553277554011,8.216095153117173,7.843599996566772,7.163666661580404,5.591599998474121,4.310025866031647,3.4055481243133543,3.569999933242798,10.119999885559082,2.832318090340077,10.119999885559082,2.802814583526525,10.119999885559082,2.79298012875563,10.119999885559082,1.916601892384867,10.119999885559082,1.8250151318561252,10.119999885559082,3169926.8,2593637.44,781748.3015873015,32010997.75737037,0.1107576953514917,0.7789284842354911,0.0858796593653675,7.243576902395967,0.6033921250367302,11.987015971687532,10.93705618163398,9.0,8.510000228881836,1966200.0,False,False,True,0.0788312263474041,0.2227121909653497,0.4321940692601001,0.515305985911895,1.0615967974305616,0.6220759169646095,0.8962450392679173,False,False,1.2788943847632557,2.181213064545342,2.0538719217010915,2.7504299262336307,2.3826790613553093,3.045968205305573,3.919873769791852,3.872925435348853,4.054919970486177,97.0,99.0,99.0,99.0,99.0,98.0,98.0,98.0,98.0,97.0,97.0,69.23076923076923,45.0,False,volDry=1.06; 50SMA=+62.2%; 252H=0.90x; prior=5.5x; blind=RS,EVC
2026-06-04,29.61000061035156,29.774999618530277,27.799999237060547,28.07999992370605,1965146.0,0.0284821003385924,27.426090155128907,25.663894167376142,24.97280014038086,23.839000066121415,20.94640007019043,17.84289999961853,18.51359999656677,16.389999389648438,29.774999618530277,14.199999809265137,29.774999618530277,13.479999542236328,29.774999618530277,13.479999542236328,29.774999618530277,13.479999542236328,29.774999618530277,13.479999542236328,29.774999618530277,2791348.65,2507220.92,1705198.1984126985,57919591.4464405,0.04567161655345,1.278928347996303,0.0431924458505142,9.575935850815815,0.6411615600740357,7.8983827104822755,1.960541424582669,29.15999984741211,28.280000686645508,2176300.0,False,False,False,0.0667004505491051,0.2220533171246278,0.2514353104140589,0.8831429315117063,0.8384281509584725,0.41360809070436,0.9944584715266956,False,False,0.2488402257991959,1.195310600726213,1.0505541184763376,1.846804829220656,0.7125505519065762,1.542083785210159,0.8054878840908861,1.4212803573221782,1.6369643438506774,87.0,92.0,92.0,97.0,97.0,92.0,92.0,96.0,94.0,93.0,92.0,100.0,48.0,False,volDry=0.84; 50SMA=+41.4%; 252H=0.99x; prior=2.2x,EXTR
2026-06-04,15.34000015258789,15.890000343322754,15.220000267028809,15.890000343322754,43592804.0,-0.0235518704430712,15.522003720763326,14.689620810432276,13.805863876342771,13.545497862497966,12.89756929397583,12.963155727386477,12.593727855682372,11.317344771200585,17.780000686645508,10.97170094106094,17.780000686645508,10.97170094106094,17.780000686645508,10.97170094106094,17.780000686645508,10.97170094106094,17.780000686645508,9.558625777542511,17.780000686645508,63585012.6,58241672.08,71852955.96825397,1264438024.1219628,0.0541876048727725,0.8242857796805245,0.0537344049205544,3.52421150670034,-0.4488733090876395,-4.65916736638084,-3.131343864621025,16.200000762939453,15.630000114440918,59298500.0,False,False,True,0.0436766668598054,0.3024772032052409,0.3898305369248517,0.7759197255076761,1.5247216851539267,0.1893714081267132,0.8627671293685443,False,False,0.3287734445488435,1.2718176043827274,0.2587813330603719,1.1337049941193913,0.2115426316891135,1.0909460426371964,0.5796346655199001,1.2434886667650475,0.8849324532743384,37.0,94.0,94.0,84.0,84.0,74.0,74.0,86.0,78.0,73.0,69.0,73.07692307692307,19.0,False,volDry=1.52; 50SMA=+18.9%; 252H=0.86x; prior=1.9x; blind=VARS,F
2026-06-04,21.399999618530277,22.899999618530277,20.334999084472656,20.979999542236328,6220786.0,-0.0187987096493216,22.11919247886351,20.315007271354474,19.10359992980957,17.839999961853028,13.60559998512268,10.700199999809264,9.097300001382829,9.640000343322754,27.690000534057617,6.179999828338623,27.690000534057617,6.179999828338623,27.690000534057617,6.179999828338623,27.690000534057617,5.710000038146973,27.690000534057617,3.7799999713897705,27.690000534057617,9660409.65,7961899.72,3742954.3095238097,245770194.0897196,0.181535042868516,3.607500076293945,0.1685747729252391,3.3983835084737906,-0.1136520689511142,5.5071085593242834,4.206043037006806,23.959999084472656,21.51000022888184,8325700.0,False,True,True,0.1198598401766597,0.3714953693763406,0.7462617080236008,0.497808430182233,1.311685523213297,0.5728817282538468,0.7728421526106188,False,False,0.5793357429738661,1.5116399333424544,1.6485148292816731,2.3853503464782406,2.0880231094696358,2.780642218219996,2.8010655743397583,2.9921994411072395,2.5809584758807884,94.0,97.0,97.0,98.0,98.0,98.0,98.0,97.0,98.0,98.0,97.0,61.53846153846154,67.0,False,tight; volDry=1.31; 50SMA=+57.3%; 252H=0.77x; prior=7.3x; blind=RS,FCEL
2026-06-04,9.56999969482422,10.54990005493164,8.40999984741211,8.649999618530273,6732063.0,0.0949656688148707,7.878489559515014,7.02143057488322,6.163599967956543,6.105999978383382,6.024399995803833,6.948199992179871,7.6813912930695905,4.690000057220459,10.54990005493164,4.389999866485596,10.54990005493164,4.389999866485596,11.670000076293944,4.389999866485596,31.5,4.389999866485596,31.5,0.0,0.0,2300271.575,1983397.26,0.0,25221726.241218377,0.1622874679617889,1.2370642934526717,0.1292648205748343,4.552978029287277,0.6709432388429125,-6.567337597680766,-9.185450240238907,9.5,8.069999694824219,3786400.0,False,False,False,0.2236050444888584,0.5935110084114675,0.6081400440384291,0.9759446269483988,2.813166284196641,0.5885398880369825,0.0,False,False,0.9530611241971012,1.8693461480431384,0.4347825465305843,1.292218192116333,0.0,0.0,0.0,0.0,0.0,0.0,98.0,98.0,90.0,90.0,0.0,0.0,97.0,95.0,93.0,92.0,100.0,14.0,False,volDry=2.81; 50SMA=+58.9%; blind=VARS,FJET
2026-06-04,159.50999450683594,161.11000061035156,150.86000061035156,156.47999572753906,5252697.0,-0.0150056063846828,149.74399086715604,138.90782895943138,134.24399993896483,126.74166692097982,105.58019989013673,84.8379997253418,72.36499988555909,84.55000305175781,166.86000061035156,60.290000915527344,166.86000061035156,55.15999984741211,166.86000061035156,55.15999984741211,166.86000061035156,53.06999969482422,166.86000061035156,42.310001373291016,166.86000061035156,5725602.425,5204271.94,4514226.575396826,956933636.0711358,0.0544799448133619,8.40357153756278,0.0526836676506978,9.695501660235728,-0.289163711370638,13.379950051716872,10.329435566742648,166.86000061035156,160.0,6634300.0,False,False,False,0.0642592963010899,0.2399849545330926,0.2856247202531327,0.8402107293808736,1.1089850350902302,0.510794587174648,0.9559510603102584,False,False,0.6538102597601276,1.5829222139413297,1.511572960516891,2.262015437987641,1.7779519260435013,2.501435427103648,2.690652244369394,2.9052820497161425,1.2683462669342616,76.0,97.0,97.0,98.0,98.0,98.0,98.0,96.0,97.0,97.0,96.0,96.15384615384616,32.0,False,volDry=1.11; 50SMA=+51.1%; 252H=0.96x; prior=3.9x,FLEX
2026-06-04,27.149999618530277,27.53899955749512,24.01000022888184,24.31999969482422,10798289.0,0.0925552998693561,23.77359658792814,21.644418892568737,20.172800025939942,18.958666706085204,16.905700035095215,18.646350030899047,17.24965003013611,11.335000038146973,29.96999931335449,11.335000038146973,29.96999931335449,11.335000038146973,33.5099983215332,11.335000038146973,33.5099983215332,11.335000038146973,33.5099983215332,4.550000190734863,33.5099983215332,11562484.725,10051263.78,6761067.416666667,415607328.1242362,0.1408144793350307,3.030571528843471,0.11162326229924,5.428681977008134,0.7589325033810618,-2.4114702162488904,-3.086160016515512,28.07999992370605,24.670000076293945,12907000.0,False,False,False,0.1299815608912453,0.418232033214703,0.5031307565134903,0.8312591265795318,1.4409997804276111,0.6059671922587357,0.8102059378822453,False,False,1.1394799461222842,2.0477744124590003,0.7227156868167477,1.5515414204972915,0.3602204841607876,1.2248245464052674,4.691823842157903,4.480604658430293,1.7101566975204814,88.0,99.0,99.0,95.0,95.0,83.0,83.0,98.0,96.0,95.0,94.0,96.15384615384616,36.0,False,volDry=1.44; 50SMA=+60.6%; 252H=0.81x; prior=7.4x; blind=VARS,FLNC
2026-06-04,41.33000183105469,42.97999954223633,38.10200119018555,38.77999877929688,5885201.0,0.0389643815817435,44.504686197597394,43.46575817846159,41.7268000793457,40.635166803995766,38.45560005187989,31.16454998016357,30.27805000305176,31.23600006103516,62.16999816894531,19.149999618530277,62.16999816894531,18.11199951171875,62.16999816894531,18.11199951171875,62.16999816894531,16.0,62.16999816894531,16.0,73.80000305175781,7840072.525,7942626.02,4136063.466346154,430475048.2015632,0.1250008451624695,6.0597139086042136,0.1466177991807163,0.5098015885914071,0.2557881568562101,-2.120418781680905,0.2851839711520597,44.79999923706055,39.34000015258789,8024700.0,False,False,True,0.1180256021277389,0.5823371863650746,0.7345753050557797,0.7927535575414627,1.444045089258779,0.074745986938105,0.5600271019239512,False,False,0.3112310035158874,1.2550270932379666,1.0279687700193234,1.8264636296277197,1.3089386989857488,2.079107635559246,0.0,0.0,1.895539705517626,90.0,94.0,94.0,97.0,97.0,96.0,96.0,85.0,94.0,94.0,93.0,50.0,54.0,False,volDry=1.44; 50SMA=+7.5%; 252H=0.56x; prior=4.6x; blind=RS/VARS,FLY
2026-06-04,126.6050033569336,129.77000427246094,117.6999969482422,120.5199966430664,1246014.0,0.0046421736982276,126.46562580705616,128.32671515289533,131.81499786376952,133.74883092244465,127.3360986328125,107.3991492462158,76.45697458267212,112.30999755859376,159.08999633789062,86.12999725341797,159.08999633789062,68.97000122070312,159.08999633789062,53.40999984741211,159.08999633789062,44.15999984741211,159.08999633789062,26.07999992370605,159.08999633789062,2080310.35,1922676.28,1235588.9444444445,265783513.2055641,0.0762271621129013,8.99000004359654,0.0710082524799696,-0.080856253299019,0.0650730490578673,4.292301567075269,8.222828836921922,127.6500015258789,122.61000061035156,1574700.0,False,False,True,0.0953359425313559,0.2063109231437576,0.3579637938672095,0.5763457832282636,0.8353103518809728,-0.0057414612488411,0.7958074440333616,False,False,-0.1268620458142511,0.8357122320164908,0.4607708091806257,1.315624182005941,1.259189887376579,2.0343108056901555,3.037149263164963,3.178044559519861,1.6836589218070142,88.0,15.0,15.0,91.0,91.0,96.0,96.0,59.0,82.0,89.0,93.0,23.07692307692308,77.0,False,volDry=0.84; 50SMA=-0.6%; 252H=0.80x; prior=6.1x; blind=1m/RS,FORM
2026-06-04,64.58999633789062,65.55500030517578,56.06999969482422,56.619998931884766,8892539.0,0.0804616536770415,54.641735089059445,49.88279232049752,46.90639984130859,45.09199981689453,39.656599807739255,37.314096289944935,0.0,34.02000045776367,65.55500030517578,27.270000457763672,65.55500030517578,25.950000762939453,65.55500030517578,25.950000762939453,65.55500030517578,25.950000762939453,65.55500030517578,0.0,0.0,5623068.475,5965790.78,0.0,366035331.3969269,0.0900759109181172,4.555356979370117,0.0705272834440121,8.914742704100142,1.0558991491505112,5.188048612070602,1.5849679947348552,60.22999954223633,56.060001373291016,5858700.0,False,False,False,0.1468493752613413,0.3315529049343605,0.405558154203786,0.8175224724189885,1.4989268363179171,0.6287325855225099,0.0,False,False,0.539323111229338,1.4733423818229383,0.9036249854686232,1.7144750214155944,0.0,0.0,0.0,0.0,0.0,0.0,97.0,97.0,96.0,96.0,0.0,0.0,96.0,96.0,95.0,94.0,100.0,10.0,False,volDry=1.50; 50SMA=+62.9%,FPS
2026-06-04,6.179999828338623,6.269999980926514,5.960000038146973,6.0,8310783.0,0.0147782715099749,6.365134837065649,6.22081068968926,5.988799991607666,5.894000005722046,5.759900016784668,7.382750029563904,12.00229414771585,4.71999979019165,7.739999771118164,4.46999979019165,8.789999961853027,4.46999979019165,12.050000190734863,4.46999979019165,15.699999809265137,4.46999979019165,30.020000457763672,4.46999979019165,36.9900016784668,17720282.075,17517861.66,10117481.664705882,102001131.62656824,0.1014770236303692,0.5427857126508441,0.087829405781191,0.8304196121717108,0.1658106940788734,-9.591244010268776,-9.474640077527932,6.590000152587891,6.070000171661377,11595300.0,False,False,True,0.0501618044321012,0.1909385660117408,0.4474109940596736,0.4267632412856496,0.7255091144497599,0.0729352610860885,0.1670721694488654,False,False,0.2510120965091369,1.1973893775219702,-0.2797202933226569,0.6487105259478695,-0.5942219294754378,0.3653870434675072,0.0,0.0,1.751451859489496,89.0,92.0,92.0,10.0,10.0,6.0,6.0,84.0,77.0,72.0,68.0,61.53846153846154,73.0,False,volDry=0.73; 50SMA=+7.3%; 252H=0.17x; prior=8.3x; blind=RS/VARS,FRMI
2026-06-04,86.16000366210938,86.42500305175781,81.0,83.16999816894531,1798976.0,0.0274266996782481,79.84066931299884,73.15165682599685,68.68400085449218,64.80900077819824,57.23610046386719,52.70680023193359,53.6572501373291,42.93000030517578,89.16000366210938,40.470001220703125,89.16000366210938,34.04999923706055,89.16000366210938,34.04999923706055,89.16000366210938,34.04999923706055,89.16000366210938,34.04999923706055,89.16000366210938,2716936.9,2773911.52,2084697.523809524,220802480.39076385,0.0618289116067549,4.429286139351981,0.0514076828121103,9.83012031722297,0.5192717244712284,2.3804529831157684,-2.326336641964408,86.16999816894531,82.80000305175781,2064600.0,False,False,False,0.0629642852968397,0.2184309020926287,0.3964717062463628,0.5509369234961206,0.8628204550662814,0.5053437072726796,0.9663526258773032,False,False,0.5835325106365974,1.5156568129819914,1.0963505318950468,1.8880507718176271,0.3980204797803408,1.25886194183341,0.9838821795228316,1.5617123758308054,1.3032763117764623,78.0,97.0,97.0,97.0,97.0,85.0,85.0,97.0,94.0,95.0,94.0,92.3076923076923,43.0,False,volDry=0.86; 50SMA=+50.5%; 252H=0.97x; prior=2.6x,FROG
2026-06-04,314.95001220703125,320.6400146484375,303.1000061035156,309.0,2717185.0,-0.0103691682418499,292.25741536070245,268.5833210774333,250.35000366210937,241.0883361816406,222.2884017944336,221.1326011657715,229.9619510650635,187.1999969482422,320.95001220703125,182.9900054931641,320.95001220703125,182.9900054931641,320.95001220703125,182.9900054931641,320.95001220703125,182.9900054931641,320.95001220703125,135.5,320.95001220703125,2719677.125,2514725.7,2707167.797619048,810136867.1447296,0.0582995939003851,16.83571515764509,0.0534551976666639,7.798177218153298,-0.1960111442887074,-0.237883653687021,-5.033707265303946,320.95001220703125,302.0,2702100.0,True,False,False,0.0556914045565809,0.2673440512575141,0.3458962167894249,0.7729025016202131,1.438088655156306,0.4168531046360604,0.981305500009984,False,False,0.4356368182928518,1.3741004431532646,0.6420751157237523,1.478913541630912,0.1995354019484478,1.0801340089324043,0.9762189989115772,1.5556799188016783,1.004620817147705,53.0,96.0,96.0,94.0,94.0,73.0,73.0,94.0,89.0,86.0,84.0,96.15384615384616,48.0,False,inside; volDry=1.44; 50SMA=+41.7%; 252H=0.98x; prior=2.4x; blind=VARS,FSLR
2026-06-04,149.6699981689453,150.06500244140625,144.32000732421875,146.19000244140625,5240689.0,0.0217777343968512,139.3004760076877,128.69671731667518,120.90519989013671,114.9076665242513,101.45899978637696,91.2925,86.60590000152588,81.80999755859375,150.06500244140625,76.01000213623047,150.06500244140625,74.30999755859375,150.06500244140625,73.55000305175781,150.06500244140625,73.55000305175781,150.06500244140625,70.12000274658203,150.06500244140625,6327374.725,6197395.78,6199271.781746032,894308850.4766823,0.0435811558816436,5.658214024135044,0.0378045974033362,12.56929534652686,0.5637825695174012,9.333988276901811,4.673123919407726,148.47000122070312,143.38999938964844,7983400.0,False,False,False,0.0383844136264546,0.1567114459678086,0.3043696189115601,0.5148721693321956,1.0526661732744782,0.4751771502190751,0.9973677788555984,False,False,0.6644795508974466,1.5931341822421663,0.7729211255065251,1.596758294214489,0.8045574362585906,1.6249323319750943,0.4548017317717496,1.1452201609243209,1.0206641921444983,55.0,97.0,97.0,95.0,95.0,93.0,93.0,96.0,93.0,92.0,90.0,100.0,37.0,False,volDry=1.05; 50SMA=+47.5%; 252H=1.00x; prior=2.1x,FTNT
2026-06-04,17.25,17.555999755859375,15.548999786376951,15.68000030517578,2990344.0,0.1036468249326707,15.21090932562714,14.389615805491426,14.29840003967285,13.62700007756551,12.03160005569458,12.360300025939942,12.079575023651124,9.199999809265137,17.555999755859375,8.550000190734863,17.555999755859375,8.550000190734863,17.555999755859375,8.550000190734863,18.670000076293945,8.550000190734863,18.670000076293945,4.355000019073486,18.670000076293945,1405453.6,1330600.88,1674656.9206349207,19364774.140280917,0.0604120672236869,0.9347142492021832,0.054186333287083,8.00431570967817,1.733149876490936,-3.368034545836692,-6.040128521176729,15.649999618530272,14.470000267028809,1021800.0,False,False,False,0.1163478243178215,0.2641159278759058,0.2641159278759058,1.0,1.0967709565921826,0.4337245187796563,0.9239421494112912,False,False,0.1871989206480602,1.1363114557854743,0.7389112769487498,1.5661277675721423,0.3529411764705883,1.218269818812488,2.7257018517553475,2.932873106376483,0.8392486739714686,32.0,89.0,89.0,95.0,95.0,82.0,82.0,96.0,93.0,92.0,90.0,100.0,36.0,False,volDry=1.10; 50SMA=+43.4%; 252H=0.92x; prior=4.3x; blind=VARS,FTRE
2026-06-04,3.180000066757202,3.440000057220459,3.0199999809265137,3.0899999141693115,5245119.0,-0.0185185008033749,3.1742399739660367,2.789249791792465,2.422000012397766,2.23766667842865,1.8450000023841855,1.5065600019693377,1.4503800025582314,1.25,3.930000066757202,1.059999942779541,3.930000066757202,0.9549999833106996,3.930000066757202,0.9549999833106996,3.930000066757202,0.9549999833106996,3.930000066757202,0.9549999833106996,3.930000066757202,7389182.975,6229736.38,2461853.25,35659355.4000235,0.1925790890361918,0.5626428553036281,0.176931711789988,4.089584972685431,-0.1066394822469793,2.6074567052142665,0.2816558824815031,3.5799999237060547,3.240000009536743,6613800.0,False,True,True,0.1320754929172814,0.411949733867141,0.8207547042496312,0.5019157754858841,1.721862892053869,0.7235772697278449,0.8091603085852224,False,False,1.092105333329569,2.002430439942265,1.9444443892549603,2.651875445983493,1.321167923860592,2.090119567069349,2.1176471825701992,2.4542123714549398,3.001471746945111,95.0,99.0,99.0,99.0,99.0,97.0,97.0,98.0,98.0,97.0,97.0,65.38461538461539,67.0,False,tight; volDry=1.72; 50SMA=+72.4%; 252H=0.81x; prior=4.1x; blind=RS,GCTS
2026-06-04,6.360000133514404,6.539999961853027,5.960000038146973,6.0,6764405.0,0.0797963120004696,5.7331443099100925,5.3515634439019895,4.988400001525879,4.883999999364217,4.710799989700317,5.835999994277954,8.648599972724915,4.01200008392334,6.539999961853027,3.825000047683716,6.539999961853027,3.825000047683716,9.74899959564209,3.825000047683716,11.470000267028809,3.825000047683716,11.97700023651123,3.825000047683716,13.729999542236328,5881687.625,5695886.1,5743745.257936508,36320450.327521205,0.0816552477384329,0.4027143205915178,0.0633198603989629,5.528900188966157,1.1670810870059434,-14.945059097664489,-17.50917819000083,6.076000213623047,5.699999809265137,6870500.0,False,False,False,0.0911949546431155,0.2610062598371091,0.3974842491917947,0.6566455409687642,1.170836351520442,0.3500891881251369,0.4632192531361508,False,False,0.4688222276158538,1.4058634106920769,0.0853242301378816,0.9774831161140896,-0.3709198467367027,0.5664617040734068,-0.3262711423493343,0.5303594668109103,1.0240161011446125,56.0,96.0,96.0,68.0,68.0,13.0,13.0,93.0,88.0,85.0,82.0,100.0,31.0,False,volDry=1.17; 50SMA=+35.0%; 252H=0.46x; prior=3.6x; blind=VARS,GENI
2026-06-04,84.69999694824219,86.84559631347656,81.30000305175781,82.25,3891171.0,-0.0150017554084724,81.75295013336337,77.49323762582422,75.79359954833984,73.35833307902018,63.422099838256834,54.08034999847412,44.58457503318787,57.93000030517578,92.5500030517578,40.540000915527344,92.5500030517578,39.18000030517578,92.5500030517578,34.880001068115234,92.5500030517578,32.02000045776367,92.5500030517578,31.51000022888184,92.5500030517578,5552769.275,5032583.42,3691190.757936508,535927927.40267104,0.0597702188981865,5.974328177315848,0.0705351640209219,4.756444208422863,-0.2159240130840814,8.975196773776926,9.443907756057577,88.5,83.30999755859375,5399000.0,False,False,True,0.0654733584595936,0.2059032239642623,0.3192444142831638,0.644970482652298,1.8490139801795875,0.3354965723974707,0.9151809201008284,False,False,0.1439761737020626,1.0949413857398889,0.7525345280210143,1.5783973710140833,1.281174104812426,2.054106720736641,1.2972606292915994,1.8084039426859853,1.5043300764288252,85.0,86.0,86.0,95.0,95.0,96.0,96.0,90.0,94.0,93.0,94.0,88.46153846153845,42.0,False,volDry=1.85; 50SMA=+33.5%; 252H=0.92x; prior=2.9x,GFS
2026-06-04,133.05999755859375,134.27999877929688,127.38999938964844,128.5399932861328,1997546.0,0.0474690926335712,124.7434132516102,115.92747150267226,107.98920013427734,104.3836669921875,97.928800201416,99.38259994506836,90.58474988937378,79.01000213623047,134.27999877929688,74.55000305175781,134.27999877929688,74.55000305175781,134.27999877929688,74.55000305175781,134.27999877929688,68.0199966430664,134.27999877929688,40.34999847412109,134.27999877929688,2345511.15,2264472.92,2329716.8492063493,288937926.2185821,0.0589488860096143,7.071430751255581,0.0531446781978305,6.750294748866546,0.8527268372424078,-2.456500588437515,-3.483040124975836,129.8699951171875,125.5,2111500.0,False,False,False,0.0517811477233372,0.1734556008908032,0.3411243064968544,0.5084820916811529,1.2482969326036366,0.3587422421690178,0.9909144978269748,False,False,0.4863717889660985,1.4226607369526223,0.4372434103145655,1.294434536995681,0.2810242999918688,1.1535115265814475,1.9058745337013796,2.2875049076677225,1.006779493739349,53.0,96.0,96.0,90.0,90.0,79.0,79.0,94.0,91.0,88.0,86.0,96.15384615384616,41.0,False,volDry=1.25; 50SMA=+35.9%; 252H=0.99x; prior=3.3x; blind=VARS,GH
2026-06-04,197.6999969482422,199.8000030517578,183.8000030517578,192.75999450683597,11036274.0,-0.0152420683518675,191.5232354147532,187.25823687294667,185.99199523925785,182.22991841634115,171.65783813476563,147.12916641235353,114.53384149551393,147.94325378470168,211.46588845889576,123.71040529324908,211.46588845889576,99.16265380266802,211.46588845889576,83.66537664367436,211.46588845889576,77.1276159759439,211.46588845889576,48.93507191630341,211.46588845889576,13105956.85,12825789.48,8774313.785714285,2830644133.054396,0.0652452515040384,12.90392845865634,0.065270251177771,2.3243314594538997,-0.2371368973718242,9.853041737895156,8.186271729000895,208.57000732421875,195.6999969482422,12294800.0,False,False,True,0.0809307043347542,0.1828023025103988,0.2120674345214615,0.8620008202716245,0.9607671651881816,0.1517096981789512,0.9349025433322814,False,False,0.2214867001240392,1.1691295420677066,0.4695190141375427,1.323503138730795,1.3697592959310416,2.1338741685831746,2.935824018262829,3.098281310179212,1.4936731430027257,84.0,90.0,90.0,91.0,91.0,97.0,97.0,85.0,86.0,91.0,93.0,76.92307692307693,49.0,False,volDry=0.96; 50SMA=+15.2%; 252H=0.93x; prior=4.3x,GLW
2026-06-04,1.7899999618530271,2.150000095367432,1.6699999570846558,1.9600000381469729,2013403.0,-0.1182266073493761,2.1776156776767515,2.070756741681139,1.929800000190735,1.7915000001589456,1.5882999968528748,1.8922499930858607,7.227499985098839,0.9629999995231628,4.389999866485596,0.9629999995231628,4.389999866485596,0.9629999995231628,4.389999866485596,0.9629999995231628,10.274999618530272,0.9629999995231628,15.0,0.9629999995231628,34.75,7626750.075,6114266.06,1283123.2817460315,36593684.87243011,0.2581033068276539,0.7625000136239188,0.4259776703204901,0.2981168020002869,-0.3147541052440115,-13.858843660178168,-15.45604092432636,2.0799999237060547,1.899999976158142,641300.0,False,False,True,0.2681565075486787,1.4748603586348286,1.7821228417790342,0.8275862494206765,1.2062952818248802,0.126991100799477,0.0515107902691518,False,False,0.2605633915144643,1.2065312708840494,0.0287356046219771,0.9265173084135904,-0.8075268897697102,0.1733143947456969,-0.931809525262742,0.0536795528535712,5.943895012661426,99.0,92.0,92.0,57.0,57.0,2.0,2.0,96.0,92.0,89.0,88.0,50.0,42.0,False,volDry=1.21; 50SMA=+12.7%; 252H=0.05x; prior=36.1x; blind=RS/VARS,GOVX
2026-06-04,19.030000686645508,19.770000457763672,17.000099182128906,17.600000381469727,2691746.0,0.040459252819935,18.202954105631072,16.721004274611133,15.76400001525879,15.33300002415975,13.789900016784667,13.050150003433227,14.414524974822998,12.237000465393066,23.489999771118164,9.039999961853027,23.489999771118164,9.039999961853027,23.489999771118164,9.039999961853027,23.489999771118164,9.039999961853027,23.489999771118164,9.039999961853027,27.899999618530277,1257858.65,1108978.92,1382252.5634920634,31402117.77695141,0.0890816908043863,1.9559215136936727,0.102780948140809,3.697139975288767,0.3783381725377653,1.0677344779843594,-1.2033731032107238,18.979999542236328,16.790000915527344,5968100.0,False,False,True,0.1455544495896193,0.5023646411453473,0.5816605278374165,0.8636732545925246,2.41749825145459,0.3799955520694669,0.6820788869834392,False,False,0.2611000990203382,1.207044973244053,0.5496743567144304,1.395694002861134,0.4449506891727046,1.3011207323023466,0.0667040652398758,0.8397096144262094,0.9100063788792692,41.0,92.0,92.0,93.0,93.0,86.0,86.0,92.0,94.0,92.0,91.0,88.46153846153845,29.0,False,volDry=2.42; 50SMA=+38.0%; 252H=0.68x; prior=3.1x; blind=VARS,GRRR
2026-06-04,32.86000061035156,33.38990020751953,31.420000076293945,31.63999938964844,3199259.0,0.0160791730151572,32.11160101972068,30.634050524472507,30.24130256652832,28.633349990844728,24.73491584777832,21.72094785690308,18.41067587852478,19.946172140020515,34.256141014806644,16.808852829119612,34.256141014806644,16.808852829119612,34.256141014806644,16.57388878480718,34.256141014806644,15.36640941523187,34.256141014806644,9.419387094078903,34.256141014806644,2907081.475,2699031.18,2803598.25,103388298.0480133,0.0416018244277618,1.3127736229576863,0.0399505051300618,8.222335400912456,0.396108246440927,10.385160465144322,10.09049477713512,32.400001525878906,30.899999618530277,4544500.0,False,False,False,0.0599482682482065,0.1177883528975652,0.2288979788689774,0.5145888726478794,1.2358641592276824,0.3284864526152424,0.9592440840358633,False,False,0.2601545954879161,1.206139997273564,0.7456511985422056,1.5721979900721033,1.0091364543876995,1.8091476161895623,2.2924469490774597,2.59181477620681,1.0369108608909996,57.0,92.0,92.0,95.0,95.0,95.0,95.0,94.0,93.0,91.0,89.0,80.76923076923077,37.0,False,volDry=1.24; 50SMA=+32.8%; 252H=0.96x; prior=3.6x,GTX
2026-06-04,69.8499984741211,69.94999694824219,66.44000244140625,67.02999877929688,1083764.0,0.0602611017944016,65.8084691106432,63.31166009452421,60.33639938354492,60.2429993947347,59.52739967346192,61.78449974060059,62.740299949646,51.0,69.94999694824219,51.0,69.94999694824219,51.0,69.94999694824219,51.0,86.11000061035156,48.97999954223633,87.31999969482422,47.31999969482422,87.31999969482422,842781.6,815557.28,862274.4603174604,61422072.97476044,0.0513935865314532,2.6792855943952287,0.038357704408367,4.520844076413322,1.4817387250571314,-13.995895386699395,-15.320073554638109,66.47000122070312,65.05999755859375,743800.0,False,False,False,0.0502504593201439,0.1749462802140687,0.2712955957366702,0.6448548482293762,1.2076483456808822,0.1734092007593795,0.7999312725405491,False,False,0.2558432185456016,1.2020134209058169,0.0874979732751457,0.9794408695267952,-0.1354128272983302,0.7785264256518561,0.0027274591160417,0.789347219633553,0.9773936707921468,49.0,92.0,92.0,68.0,68.0,29.0,29.0,87.0,76.0,71.0,67.0,100.0,19.0,False,volDry=1.21; 50SMA=+17.3%; 252H=0.80x; prior=1.8x; blind=VARS,HAE
2026-06-04,30.1200008392334,30.399999618530277,29.61000061035156,29.875,4776685.0,-0.0069238076162512,28.782103915311843,27.287531700195828,26.031200103759765,25.63333339691162,24.511799964904785,24.261663303375244,20.11694609642029,21.739999771118164,32.150001525878906,17.5,32.150001525878906,17.5,32.150001525878906,17.5,32.150001525878906,14.335538573391398,32.150001525878906,8.927221591424184,32.150001525878906,5454204.625,5537041.7,6515642.797619048,163852327.8647685,0.051134493280244,1.5721430097307478,0.0521959816044534,4.383401860143975,-0.1335750521249473,1.6047614326739978,2.2852636145894647,31.489999771118164,30.100000381469727,6073600.0,False,True,False,0.0262283859949194,0.276228465151152,0.2988048358758843,0.9244444265483376,1.1094784603121193,0.2287959628570017,0.9368584575334632,True,True,0.3476510212592989,1.289886022657443,0.307698480221414,1.177761584869523,0.8326870430411579,1.6502619261616378,2.218950556264069,2.5339584037768703,0.8370938669309927,32.0,94.0,94.0,87.0,87.0,93.0,93.0,88.0,89.0,86.0,84.0,88.46153846153845,64.0,False,tight; NR20; volDry=1.11; 50SMA=+22.9%; 252H=0.94x; prior=3.6x; blind=VARS,HBM
2026-06-04,1.6299999952316284,1.7400000095367432,1.600000023841858,1.6100000143051147,730792.0,-0.0297618773079504,1.8164886829898368,1.5624316398176716,1.255839992761612,1.1142666608095169,0.8124199974536895,0.8418199992179871,2.019169999063015,0.3000000119209289,3.990000009536743,0.25,3.990000009536743,0.25,3.990000009536743,0.25,3.990000009536743,0.25,3.990000009536743,0.25,7.349999904632568,19437534.8,15678215.84,5621932.507936508,59146845.750959374,0.3783483898589206,0.7211428497518811,0.442418927522392,2.2746571912137297,-0.0693343244455482,-4.362673463681578,-7.148237492230157,1.7899999618530271,1.5700000524520874,1262100.0,True,True,True,0.0858895620272629,1.171779124054526,2.2638036861413933,0.5176151674405122,0.3896597203626711,1.0063513950178749,0.2217687097117198,True,False,2.985329971087376,3.8145049009644905,1.5873015993156252,2.330219449080861,-0.1809045289346104,0.7375629543097542,-0.7567164116963746,0.1915128804582953,3.4574471985495987,96.0,99.0,99.0,98.0,98.0,25.0,25.0,99.0,99.0,99.0,99.0,61.53846153846154,97.0,False,inside; tight; NR7; volDry=0.39; 50SMA=+100.6%; 252H=0.22x; prior=29.4x; blind=RS/VARS,HCWB
2026-06-04,28.01000022888184,29.81999969482422,27.13999938964844,27.399999618530277,22065624.0,0.0181752088636868,26.42808226208727,25.894324188264036,25.7392000579834,26.193999989827475,24.724200019836427,23.719600009918214,34.05519992828369,21.530000686645508,31.440000534057617,18.6200008392334,31.854999542236328,13.739999771118164,31.854999542236328,13.739999771118164,38.880001068115234,13.739999771118164,48.45500183105469,13.739999771118164,70.43000030517578,28165475.6,27234946.48,30309656.84126984,609250694.3496482,0.0755460974781756,1.88435731615339,0.0672744484382538,1.9754623579680948,0.265342456928853,-5.801733897358493,-8.812130043375811,28.03499984741211,25.71199989318848,13789000.0,False,False,False,0.0956801243583127,0.2575865795655481,0.3161370749688788,0.8147939611034406,0.6411219648557943,0.132898140542836,0.397699845343085,False,False,0.0638055567810012,1.018207159621268,0.763853905983928,1.5885920211807494,-0.228587188942232,0.6946266119334191,-0.4882148645503658,0.4028773422372185,0.9292574887106506,43.0,76.0,76.0,95.0,95.0,21.0,21.0,83.0,83.0,92.0,90.0,73.07692307692307,57.0,False,volDry=0.64; 50SMA=+13.3%; 252H=0.40x; prior=5.1x; blind=1m/VARS,HIMS
2026-06-04,23.93000030517578,24.48290061950684,21.799999237060547,22.480100631713867,3785450.0,-0.0107482523001922,21.99184117777161,19.986879522911693,18.742400131225587,17.51566677093506,14.266800079345703,11.22700005531311,9.819850029945371,10.68000030517578,25.09000015258789,7.369999885559082,25.09000015258789,7.019999980926514,25.09000015258789,7.019999980926514,25.09000015258789,6.849999904632568,25.09000015258789,6.849999904632568,25.09000015258789,5017198.75,4470901.0,2071458.531746032,141025408.53590012,0.1017093640990765,1.878064973013741,0.0784816109094465,8.630311953543677,-0.1384404866806136,9.578872244683533,6.795171853385076,24.56999969482422,23.07999992370605,5176200.0,False,False,False,0.1121145569674735,0.2728792563046121,0.4262431959542848,0.6401961577209054,1.0701769061761823,0.6773207847651599,0.9537664471758696,False,False,0.964696199145984,1.8804825033104773,2.115885526048565,2.806281670381399,2.0917313970047724,2.783981383929566,1.9650237799349557,2.334067203966113,2.4220609165518776,94.0,98.0,98.0,99.0,99.0,98.0,98.0,98.0,98.0,98.0,97.0,96.15384615384616,37.0,False,volDry=1.07; 50SMA=+67.7%; 252H=0.95x; prior=3.7x,HIMX
2026-06-04,4.369999885559082,4.409999847412109,4.039999961853027,4.130000114440918,24690161.0,-0.0022831572193035,4.249711156960764,3.840240939952711,3.4935999870300294,3.31233332157135,2.8445999932289125,2.650999993085861,3.2532500022649766,2.190000057220459,5.019999980926514,1.7300000190734863,5.019999980926514,1.7300000190734863,5.019999980926514,1.7300000190734863,5.019999980926514,1.7300000190734863,5.840000152587891,1.600000023841858,7.840000152587891,27846989.025,24253509.22,21930074.845238097,141225720.7620965,0.116273561697811,0.529999954359872,0.1212814572630282,4.421484431152589,-0.0188683580056419,-2.579926222532646,-3.1359644789224053,4.949999809265137,4.309999942779541,38121900.0,False,False,True,0.0846681682491041,0.3020594892015476,0.5354691019333838,0.5641025562650036,1.6392236578785693,0.5362440750759774,0.5573979337381259,False,False,0.5387324005737828,1.4727769910756192,0.9863635412917672,1.7889924228731402,0.3873015089700635,1.2492099341526632,1.3244680301292604,1.8298216130703149,1.2698082072914905,76.0,97.0,97.0,97.0,97.0,84.0,84.0,97.0,96.0,95.0,94.0,76.92307692307693,46.0,False,volDry=1.64; 50SMA=+53.6%; 252H=0.56x; prior=4.9x; blind=VARS,HIVE
2026-06-04,62.97999954223633,64.30000305175781,58.15499877929688,58.81999969482422,1942681.0,0.0736447273450648,57.77785955335701,55.283144649529454,54.418800048828125,52.72533353169759,47.51280014038086,44.30970018386841,47.399500112533566,42.310001373291016,64.30000305175781,34.63999938964844,64.30000305175781,30.07999992370605,64.30000305175781,30.07999992370605,64.30000305175781,30.07999992370605,64.30000305175781,30.07999992370605,64.30000305175781,1447444.525,1305759.62,1232059.4484126985,90994737.64628392,0.0501256491068582,2.811214174543108,0.0446366178941907,7.293059850066031,1.536702444781293,-2.432716301464337,-5.303152564051012,58.93999862670898,56.77000045776367,1000300.0,False,False,False,0.0975707258990992,0.1913306309835189,0.1997459816210089,0.9578697375076264,1.2865217106346112,0.3255375258068611,0.9794711750097592,False,False,0.2659296390399261,1.2116675024217551,0.3739092350042412,1.2373934378294096,0.3526631805119444,1.218019494487929,0.5612295315818445,1.2290001423221302,1.1748171136261232,70.0,92.0,92.0,89.0,89.0,82.0,82.0,91.0,91.0,92.0,91.0,100.0,26.0,False,volDry=1.29; 50SMA=+32.6%; 252H=0.98x; prior=2.1x; blind=VARS,HNGE
2026-06-04,53.68999862670898,54.470001220703125,52.33000183105469,53.0,31285436.0,-0.026473306596099,45.971904184661895,40.44233678557232,36.2944002532959,34.944000244140625,31.06680011749268,26.382981967926025,24.82181568145752,27.34499931335449,64.25,21.01449654893208,64.25,19.712889088724488,64.25,19.712889088724488,64.25,19.67898935160942,64.25,17.087714550377495,64.25,24934108.4,24133910.72,23262793.3968254,1598505740.7176678,0.0569635685073972,3.5281433377947127,0.0657132320364705,11.081655757838517,-0.4138162085224421,13.724849940036384,5.305312626880687,55.9900016784668,52.61000061035156,56953400.0,False,False,False,0.0398584362895449,0.5799031312704221,0.6507729824503317,0.8910989652442763,2.2511251587160923,0.7282114161631323,0.8356420019721242,False,False,0.7872835216512,1.7106743487268707,1.5168234706636825,2.2667442414888974,1.4799810122885346,2.233124448455903,2.1118288649124186,2.4496321908441856,1.071844983302937,60.0,98.0,98.0,98.0,98.0,97.0,97.0,96.0,96.0,96.0,95.0,92.3076923076923,32.0,False,volDry=2.25; 50SMA=+72.8%; 252H=0.84x; prior=3.8x,HPE
2026-06-04,13.949999809265137,14.149999618530272,13.380000114440918,13.420000076293944,1043882.0,0.0512433555421341,12.55999010647622,11.719302746074744,11.38280002593994,10.97400000890096,9.166200008392334,8.34589997768402,12.171400001049042,7.920000076293945,14.149999618530272,5.260000228881836,14.149999618530272,5.260000228881836,14.149999618530272,5.260000228881836,14.210000038146973,5.260000228881836,17.639999389648438,5.260000228881836,21.700000762939453,1327392.05,1275171.64,1209409.134920635,16263290.384486675,0.0712654448575638,0.7507140295846122,0.0538146265124686,9.698025829834014,0.9058034413952868,-1.0591080820560368,-6.04636484610845,13.59000015258789,12.84000015258789,1583300.0,False,False,False,0.0551970978220334,0.2530465793000714,0.2695340019080323,0.9388298971883088,1.051339410277349,0.5218956379407913,0.642857111465626,False,False,0.4278402411107211,1.366638054320284,0.8649732317772185,1.6796638234413737,-0.0182969900199762,0.8839845877231581,0.0116025995543664,0.79633373163655,1.09755417887356,63.0,95.0,95.0,96.0,96.0,41.0,41.0,95.0,97.0,96.0,95.0,100.0,26.0,False,volDry=1.05; 50SMA=+52.2%; 252H=0.64x; prior=4.1x; blind=VARS,HPP
2026-06-04,37.470001220703125,39.0,37.40999984741211,38.47999954223633,1385299.0,-0.0129082685876554,37.86280927189131,36.87937710069792,36.05082191467285,35.14782581329346,33.56062557220459,33.49095443725586,39.85931444168091,28.802987139601257,39.6436711932248,28.802987139601257,39.6436711932248,27.48205752085478,39.6436711932248,27.48205752085478,44.15086455165422,27.48205752085478,50.67449265073249,27.48205752085478,56.362024234562206,2572732.475,2434671.98,1897136.503968254,106743379.49481276,0.0478751593403825,1.478665862025841,0.0394626584962276,2.951827787443933,-0.3313783569049274,-14.01334172959122,-12.508400080917683,38.08000183105469,37.09999847412109,2491300.0,False,False,True,0.042433949847575,0.0699533987393079,0.2396891036972798,0.2918505583284961,0.9278087227175466,0.1164869719155752,0.6648093593083878,False,False,0.2619056459038289,1.2078159915931794,0.1961606094703667,1.077306455942186,-0.0752334056197359,0.8327156058022285,-0.3320673542919369,0.5257966878227559,1.3561135266854003,80.0,92.0,92.0,80.0,80.0,34.0,34.0,83.0,70.0,71.0,67.0,46.15384615384615,61.0,False,volDry=0.93; 50SMA=+11.6%; 252H=0.66x; prior=2.1x; blind=RS/VARS,HRB
2026-06-04,349.79998779296875,351.8800048828125,333.54998779296875,336.2799987792969,1604227.0,0.0679610999185582,319.1417562824887,300.95109933866394,291.1116015625,280.1476674397787,244.535491027832,221.7162701416016,244.069340133667,211.67999267578125,351.8800048828125,162.2857905716001,351.8800048828125,162.2857905716001,351.8800048828125,162.2857905716001,351.8800048828125,162.2857905716001,351.8800048828125,162.2857905716001,351.8800048828125,1678483.175,1728120.54,1806610.8214285716,492857986.56409,0.0425745255749627,11.792142595563616,0.0337111006491597,12.769299882307632,1.88769590154222,1.574354163927886,-0.8834046700836784,332.260009765625,321.20001220703125,1125100.0,False,False,False,0.0524014228973972,0.1483133410328133,0.3208405228783259,0.4622649897907658,0.6247033554731083,0.4304671535517761,0.994088845455892,False,False,0.4603598278947711,1.3977637387843118,0.945098391917375,1.7518275041536255,0.4580129396825283,1.3128827703263497,0.5222475179511323,1.1983134948234713,0.9290784462769603,43.0,96.0,96.0,96.0,96.0,87.0,87.0,94.0,94.0,93.0,91.0,100.0,49.0,False,volDry=0.62; 50SMA=+43.0%; 252H=0.99x; prior=2.2x; blind=VARS,HUM
2026-06-04,127.76000213623048,130.5800018310547,120.4188995361328,124.69000244140624,3524344.0,-0.0268869779146769,122.14641163105294,112.03058019848628,106.01880065917967,100.83100051879885,85.03060020446777,69.63715003967285,55.16109991073608,69.30000305175781,140.8000030517578,42.060001373291016,140.8000030517578,42.060001373291016,140.8000030517578,34.18000030517578,140.8000030517578,31.670000076293945,140.8000030517578,15.260000228881836,140.8000030517578,4981313.6,4944022.88,5971821.206349206,517830883.4955581,0.0866469291350831,9.707149505615234,0.0759795659306932,6.613856402492689,-0.3636485816830545,2.97298170482601,3.11067435549547,135.30999755859375,126.83999633789062,3281400.0,False,False,False,0.0795327342284097,0.3490920895254732,0.4225109772569879,0.8262319994425652,0.8177661184286429,0.502517938589331,0.9073863591413852,False,False,0.5868836013697847,1.5188642643393584,1.4875389528418452,2.240369522359342,2.390658203330247,3.0531531058889416,6.955168517107647,6.262309956317459,0.8341364263725605,31.0,97.0,97.0,98.0,98.0,98.0,98.0,96.0,98.0,97.0,97.0,88.46153846153845,48.0,False,volDry=0.82; 50SMA=+50.3%; 252H=0.91x; prior=9.2x,HUT
2026-06-04,7.619999885559082,7.855000019073486,6.284900188446045,6.329999923706055,7619050.0,0.1795665387867167,6.342637509858497,5.325713847122911,4.419599976539612,3.991333309809367,3.125999984741211,2.585899986028671,2.2646499931812287,1.7599999904632568,7.855000019073486,1.6399999856948853,7.855000019073486,1.6399999856948853,7.855000019073486,1.6399999856948853,7.855000019073486,1.559999942779541,7.855000019073486,1.3049999475479126,7.855000019073486,3694878.75,3133989.0,1576762.896825397,36679920.35977245,0.1696732091685897,0.9553642443248204,0.1253758869649543,11.466478696205668,1.2141964222576804,12.001081027629416,7.554392703047423,6.974999904632568,6.25,6360700.0,False,False,False,0.2060498496335925,0.4901575051979631,0.7322834655523945,0.669354871788912,2.732136264677381,1.4376199369015388,0.9700827329161328,False,False,2.29870133087112,3.157307546605179,2.791044737170797,3.414355010342719,3.209944821245335,3.790888180348484,4.013157882353606,3.946358703997461,2.3433318715446365,93.0,99.0,99.0,99.0,99.0,99.0,99.0,99.0,99.0,99.0,98.0,100.0,37.0,False,volDry=2.73; 50SMA=+143.8%; 252H=0.97x; prior=6.0x,HYLN
2026-06-04,30.31999969482422,33.599998474121094,29.799999237060547,32.84000015258789,2490732.0,-0.0569207385443401,32.97695309053673,34.47156029456378,35.99959991455078,36.1293332417806,36.71490001678467,38.65999992370605,24.505749940872192,29.799999237060547,46.29999923706055,29.209999084472656,46.29999923706055,29.209999084472656,56.869998931884766,11.449999809265137,58.72999954223633,7.070000171661377,58.72999954223633,2.930000066757202,58.72999954223633,2085138.3,2180944.64,2463942.587301587,79445280.93965378,0.0790067742640636,2.432000160217285,0.0802110878857442,-2.171485946308828,-0.7524678085922443,-4.420897520592196,-0.163831035729817,33.2400016784668,31.649999618530277,1310400.0,False,False,False,0.1253297914019843,0.1616095506331869,0.5441952561370452,0.2969697894472065,0.7610203255778193,-0.174177250082036,0.5162608535867476,False,False,-0.1427763468917765,0.8204800730996515,-0.2615684685644708,0.6650587302310582,1.616048256742617,2.355647600334408,7.216801957901094,6.468267843653591,0.8462609115756878,33.0,14.0,14.0,11.0,11.0,97.0,97.0,12.0,14.0,12.0,95.0,0.0,63.0,False,volDry=0.76; 50SMA=-17.4%; 252H=0.52x; prior=20.0x; blind=1m/RS/VARS,HYMC
2026-06-04,17.559999465942383,17.729999542236328,16.264999389648438,16.329999923706055,984865.0,0.0906831707999857,15.86210490313865,14.9324101686854,14.402400016784668,13.748666636149087,12.259199981689454,11.577299976348876,12.640199999809266,10.010000228881836,17.729999542236328,8.699999809265137,17.729999542236328,8.699999809265137,17.729999542236328,8.699999809265137,17.729999542236328,8.699999809265137,17.729999542236328,8.699999809265137,17.729999542236328,1041151.625,985101.3,1039336.369047619,16173269.370909214,0.0597288815090242,0.846428666796003,0.0482020895523175,8.97043247496733,1.7248932387878697,-2.528125482373243,-4.166120436810717,16.18000030517578,15.359999656677246,766300.0,False,False,False,0.0834282572405117,0.1725512428885818,0.2727790494039155,0.6325677989773983,1.0006143530619642,0.4323935894813928,0.990411726977828,False,False,0.3282904017587427,1.2713552664825831,0.775530723595782,1.599108594706507,0.3343464794488979,1.2015260323379098,0.3466257298552206,1.0600639945427193,1.001746552902834,52.0,94.0,94.0,95.0,95.0,81.0,81.0,95.0,93.0,92.0,90.0,100.0,31.0,False,volDry=1.00; 50SMA=+43.2%; 252H=0.99x; prior=2.0x; blind=VARS,IART
2026-06-04,301.7699890136719,310.44000244140625,300.17999267578125,307.42498779296875,8330958.0,-0.0126297019516151,286.1209918260621,266.7149951035717,247.8142645263672,244.60651092529295,243.6595556640625,255.6411836242676,268.7787451171875,212.33999633789065,332.4599914550781,212.33999633789065,332.4599914550781,212.33999633789065,332.4599914550781,212.33999633789065,332.4599914550781,212.33999633789065,332.4599914550781,212.33999633789065,332.4599914550781,9305416.45,8232023.16,5746979.595238095,3212458823.6723967,0.0420408922667334,15.627149309430804,0.051784968281663,4.605395705589998,-0.2470070383733487,-4.149163896246131,-7.827825539959009,318.29998779296875,302.5299987792969,13926600.0,False,False,False,0.0339994371181826,0.336415126452725,0.3980514944835863,0.8451547880486533,2.1449728039880784,0.2384902705384852,0.9076881332184203,False,False,0.3272977814967819,1.2704051933690603,0.1849192042452618,1.067182030905125,0.0130697941885458,0.9122291316686184,0.166999671440535,0.9186623320128436,1.6191838331408726,87.0,94.0,94.0,79.0,79.0,47.0,47.0,89.0,79.0,75.0,71.0,88.46153846153845,14.0,False,volDry=2.14; 50SMA=+23.8%; 252H=0.91x; prior=1.6x; blind=VARS,IBM
2026-06-04,7.289999961853027,7.46999979019165,7.122499942779541,7.210000038146973,9503286.0,0.0153203532234424,7.470254383496443,7.598282470717934,7.725199928283692,7.665666596094767,7.584999961853027,7.466499979496002,4.896749986410141,6.730000019073486,8.6899995803833,6.539999961853027,9.539999961853027,5.539999961853027,12.43000030517578,1.950000047683716,12.43000030517578,1.950000047683716,12.43000030517578,1.950000047683716,12.43000030517578,14134022.15,15231457.72,17834248.35714286,116815405.01299304,0.0723973793947334,0.544464247567313,0.0746864541037551,-0.5207443806241495,0.2020337129680949,11.983158368937447,14.453083249447964,7.300000190734863,7.025000095367432,8968000.0,False,True,True,0.0476680177270919,0.1748971333387143,0.2290808790391672,0.7634732941146574,1.01067401971556,-0.0388925512832739,0.5864842946799859,False,False,-0.0382585705503858,0.920517854910568,-0.186383936292853,0.732772698875345,2.488038402504193,3.140840109335057,1.6900368484266663,2.117597446557674,0.7925213256514471,27.0,34.0,34.0,16.0,16.0,98.0,98.0,45.0,39.0,67.0,98.0,11.538461538461538,78.0,False,tight; volDry=1.01; 50SMA=-3.9%; 252H=0.59x; prior=6.4x; blind=1m/RS,IBRX
2026-06-04,71.05999755859375,72.22000122070312,67.37000274658203,69.50199890136719,803821.0,-0.019185637656292,71.35423054889026,70.25563689702605,70.64779968261719,70.21616655985514,64.15429977416993,52.15145002365112,35.267075023651124,56.60100173950195,78.0,41.06499862670898,78.0,27.030000686645508,78.0,16.604999542236328,78.0,14.0600004196167,78.0,13.119999885559082,78.0,1040803.025,948380.42,886322.3055555555,78662217.69512025,0.0669440056019816,5.006998334612165,0.0704615607463757,1.52766996590055,-0.2776113145554111,8.565137486985005,12.4508090388159,76.3499984741211,72.13999938964844,698900.0,False,False,True,0.0682521621271087,0.1744440827418924,0.2227695239927609,0.7830697826851803,1.2521790570075244,0.1076420101027153,0.9110256097255608,False,False,0.0485465704366969,1.003602226374494,0.6044252899006215,1.4450047169269145,3.278145391175258,3.8523000860665015,3.0839079952000583,3.214853041016948,1.174294067153838,70.0,72.0,72.0,93.0,93.0,99.0,99.0,79.0,89.0,96.0,98.0,46.15384615384615,53.0,False,volDry=1.25; 50SMA=+10.8%; 252H=0.91x; prior=5.9x; blind=1m/RS,ICHR
2026-06-04,152.8000030517578,153.8350067138672,144.27999877929688,144.27999877929688,1682187.0,0.0618485721526558,134.81024785908392,127.61781434744503,123.32199920654296,120.4476656595866,116.39399963378906,124.7138996887207,151.13789978027344,99.05999755859376,153.8350067138672,95.75,153.8350067138672,66.56999969482422,191.0,66.56999969482422,203.91000366210935,66.56999969482422,203.91000366210935,66.56999969482422,211.0,1295162.175,1199005.74,1313732.0912698412,144167724.04475173,0.0596228659695303,7.534643445696149,0.0493104927697151,6.343122094538408,1.1812117214859312,-8.495011687322693,-11.969224095241897,145.9199981689453,135.52000427246094,1380500.0,False,False,False,0.0625327731919858,0.2709751674197698,0.2941427122157489,0.9212370599922052,1.1781333924222914,0.3127824761801563,0.7241706305770512,False,False,0.2594790919561518,1.2054934481669086,0.3815552003602509,1.244279676830029,-0.1656655915638576,0.7512850124394302,0.1423445673358547,0.8992538300336902,0.9858647616258718,50.0,92.0,92.0,89.0,89.0,26.0,26.0,92.0,86.0,94.0,93.0,100.0,26.0,False,volDry=1.18; 50SMA=+31.3%; 252H=0.72x; prior=3.2x; blind=VARS,ICLR
2026-06-04,4.800000190734863,4.900000095367432,4.630000114440918,4.710000038146973,3824111.0,-0.0163934266045032,4.831300673310744,4.61681383109103,4.577200031280517,4.447000034650167,3.9116000366210937,3.719000015258789,4.0020000207424165,3.400000095367432,5.485000133514404,2.430000066757202,5.485000133514404,2.319999933242798,5.485000133514404,2.319999933242798,5.485000133514404,2.319999933242798,5.96999979019165,2.319999933242798,6.050000190734863,5622980.275,5191054.22,4458786.551587301,28346694.736964226,0.0867579220338241,0.3957858085632324,0.0824553735075245,2.7544520747051595,-0.2021293385845934,-1.7938765658486373,-1.6398229669940247,5.139999866485596,4.84499979019165,4641600.0,False,False,True,0.056249993791183,0.3385417028847653,0.367708340576953,0.9206799670455564,1.3270928809524167,0.2271193746283899,0.7933884362657898,True,False,0.0412147617608882,0.9965846844570864,0.8677044028862193,1.6821236170884093,0.2532637823371544,1.1285142825020151,0.7977528290551339,1.415191320734344,1.2611010215320249,75.0,70.0,70.0,96.0,96.0,77.0,77.0,89.0,93.0,92.0,90.0,61.53846153846154,42.0,False,NR7; volDry=1.33; 50SMA=+22.7%; 252H=0.79x; prior=2.6x; blind=1m/RS/VARS,INDI
2026-06-04,16.950000762939453,17.88960075378418,16.649999618530273,17.010000228881836,15722581.0,-0.0264215444287343,16.57060872964962,15.363765611274856,14.14320011138916,13.959666792551676,13.32360008239746,12.741973764018008,0.0,10.31999969482422,20.75,8.520000457763672,21.280000686645508,8.520000457763672,21.280000686645508,8.520000457763672,21.280000686645508,8.520000457763672,21.280000686645508,0.0,0.0,17318822.025,14377099.62,0.0,364566296.412491,0.1214185741273872,2.2956859724862237,0.13543869434541,2.0096084147457893,-0.2003754389693282,-3.88993869363348,-4.759048598123852,19.059999465942383,17.25,25226100.0,False,True,True,0.0731328070476697,0.4342182492858414,0.6153392233456761,0.7056567057840757,2.595051094178897,0.272178739838719,0.0,True,False,0.4008264651707904,1.3407821825445507,0.5120428818251199,1.3618017056864,0.0,0.0,0.0,0.0,0.0,0.0,95.0,95.0,92.0,92.0,0.0,0.0,94.0,93.0,91.0,89.0,84.61538461538461,51.0,False,tight; NR7; volDry=2.60; 50SMA=+27.2%; blind=VARS,INFQ
2026-06-04,121.5,125.13999938964844,104.01000213623048,105.33999633789062,2987574.0,0.1221945485095832,105.72902931955856,94.21600247922268,85.87800003051758,78.54766680399577,63.475800018310544,56.48929996490479,59.14775005340576,39.63999938964844,125.13999938964844,34.22999954223633,125.13999938964844,34.22999954223633,125.13999938964844,34.22999954223633,125.13999938964844,34.22999954223633,125.13999938964844,34.22999954223633,125.13999938964844,2288079.35,2032493.48,1867124.103174603,332852887.77238923,0.133196224068828,10.23285675048828,0.0842210432138953,10.85376368184532,1.2928944164397005,-1.056965381937152,-1.6016371870639847,112.5,104.51000213623048,1543100.0,False,False,False,0.1739094424149627,0.3088888788419496,0.6557201495386445,0.471068151648656,0.9791014926158582,0.9141153000821024,0.970912582648218,False,False,1.6621385106231463,2.5480300174611727,1.735870308882249,2.4640259201349384,1.056881676446766,1.852140293209564,1.7439025146678042,2.1600005078228293,1.2254564900692255,73.0,99.0,99.0,98.0,98.0,95.0,95.0,99.0,98.0,98.0,97.0,100.0,53.0,False,volDry=0.98; 50SMA=+91.4%; 252H=0.97x; prior=3.7x; blind=VARS,INOD
2026-06-04,111.77999877929688,113.13999938964844,107.4801025390625,108.38999938964844,76359899.0,-0.0082512670812708,113.70021098385185,110.76944361311412,113.58,108.435999806722,87.72239990234375,67.14370002746583,50.90420001029968,65.41999816894531,132.75,40.630001068115234,132.75,40.630001068115234,132.75,34.95000076293945,132.75,32.88999938964844,132.75,18.96999931335449,132.75,137843247.475,131695749.98,109874880.9484127,15448192119.17239,0.0746988412431552,8.662851061139788,0.0774991157250241,3.538710442893181,-0.1073549918626235,9.390369126705588,12.703140556216066,118.29000091552734,110.86000061035156,118928800.0,False,False,True,0.0506342540024631,0.2010198735559913,0.2715154661438618,0.7403625156641407,0.8444680251024757,0.2742469301311301,0.842033889109581,False,False,0.0335644678890676,0.9892623087241892,1.4326441114980786,2.190929199287888,1.5714284711374766,2.3154692547640323,4.509117483270043,4.3367781828647,1.2545474114299038,75.0,68.0,68.0,98.0,98.0,97.0,97.0,95.0,97.0,96.0,97.0,34.61538461538461,64.0,False,volDry=0.84; 50SMA=+27.4%; 252H=0.84x; prior=7.0x; blind=1m/RS,INTC
2026-06-04,6.690000057220459,7.179999828338623,6.328999996185303,6.360000133514404,1715976.0,0.0198170907888508,6.382906593123179,6.3339081202468135,6.485,6.509166669845581,5.747100009918213,4.576400005817414,4.576099994182587,5.079999923706055,7.860000133514404,3.049999952316284,7.860000133514404,2.5199999809265137,7.860000133514404,2.5199999809265137,7.860000133514404,2.359999895095825,7.860000133514404,2.359999895095825,7.860000133514404,2662914.4,2389151.52,1301473.7142857143,20298567.565640736,0.1266520089588012,0.7816428116389683,0.1168374895296672,1.4042184859377769,0.1663165227200522,-1.7170972874124375,-2.38278401166156,7.078000068664551,6.489999771118164,2475900.0,False,False,True,0.1272047570814059,0.3153961308620767,0.4155456182407531,0.7589927965004959,1.5616035938984731,0.1640653626481201,0.8511450309898648,False,False,0.0878048704844394,1.0411777794709896,1.1170885681991425,1.90672821380751,0.3460765270902521,1.2120884745661622,0.2075812460805104,0.9506081541993175,2.046076206357716,92.0,79.0,79.0,97.0,97.0,82.0,82.0,84.0,95.0,96.0,95.0,50.0,37.0,False,volDry=1.56; 50SMA=+16.4%; 252H=0.85x; prior=3.3x; blind=1m/RS/VARS,INV
2026-06-04,65.66000366210938,69.46410369873047,64.18000030517578,67.05000305175781,37908319.0,-0.0376667091950693,65.60997319149357,60.632639467315904,57.2220002746582,54.86333363850911,46.65620014190674,42.33390020370484,48.39995005607605,39.76499938964844,73.6500015258789,25.88999938964844,73.6500015258789,25.88999938964844,73.6500015258789,25.88999938964844,73.6500015258789,25.88999938964844,73.6500015258789,25.88999938964844,84.63999938964844,36086437.975,32487810.38,25347302.05952381,2076734293.462132,0.1000891926593037,5.729935782296317,0.087266760016995,4.667478372353521,-0.4485215528531231,-2.456334523618928,-3.182882457216084,73.6500015258789,67.51000213623047,30856300.0,False,False,True,0.0804767453371922,0.3003350612373329,0.4285714534704564,0.7007817688399458,1.1093592174555162,0.4073157150046895,0.7757561925282772,False,False,0.367916742960612,1.3092830852123782,0.8228762584026332,1.6417497332824045,0.3991051190099377,1.259838616400419,0.6493343732000325,1.2983562880378157,1.4236796441000767,82.0,95.0,95.0,96.0,96.0,85.0,85.0,94.0,96.0,95.0,94.0,76.92307692307693,36.0,False,volDry=1.11; 50SMA=+40.7%; 252H=0.78x; prior=3.3x; blind=VARS,IONQ
2026-06-04,4.380000114440918,4.574999809265137,3.8450000286102295,3.8450000286102295,22341040.0,0.1556728650465275,4.032050403302954,3.90716155198966,3.801600008010864,3.7360000133514406,3.6826000118255617,3.4610000038146973,2.8926000040769577,3.2699999809265137,4.574999809265137,3.180000066757202,5.360000133514404,2.25,5.630000114440918,2.0799999237060547,5.630000114440918,1.7599999904632568,5.630000114440918,1.659999966621399,5.630000114440918,15663636.0,14524366.8,15008960.07936508,58325492.09181285,0.0868982820285471,0.3303570747375488,0.0754239876954243,2.510833802231649,1.785946776095576,3.2861807821540907,1.604944852994613,4.119999885559082,3.7699999809265137,9667600.0,False,False,False,0.1666666122332025,0.2522830483523752,0.2956620557167875,0.8532817907281119,1.0109510591539177,0.1893770978047753,0.7779751377280159,False,False,0.1005025360428386,1.05333117902754,-0.0436680813530014,0.8613078727263608,1.0467289251077143,1.8429981436842304,1.4065934001154234,1.894470717740393,1.0436190060585873,58.0,81.0,81.0,35.0,35.0,95.0,95.0,85.0,76.0,91.0,91.0,96.15384615384616,32.0,False,volDry=1.01; 50SMA=+18.9%; 252H=0.78x; prior=3.4x,IOVA
2026-06-04,52.06999969482422,53.31909942626953,47.27000045776367,47.90499877929688,2556859.0,0.0633040309749983,49.12086529466164,46.694541748809,44.905999755859376,43.78933308919271,40.09879993438721,31.21772756576538,24.828320579528807,35.81999969482422,53.83000183105469,24.133500656416423,53.83000183105469,18.32873776265436,53.83000183105469,16.20164776221908,53.83000183105469,15.430993559331483,53.83000183105469,15.430993559331483,53.83000183105469,2477071.475,2463415.18,2358106.98015873,106137078.5573658,0.0662393270126777,3.334221158708845,0.0640334391828365,4.662292047757893,0.9297519050360618,11.477901436467638,11.88480633845854,53.83000183105469,48.93999862670898,2594200.0,False,False,False,0.1161724410209117,0.1789898898433813,0.2825043784402423,0.6335827105817503,0.9918693039798512,0.2985425942927275,0.967304438484802,False,False,0.327300543013362,1.2704078365174585,1.187310340716488,1.969972537589528,2.162215958978275,2.8474499338103105,1.0472216397945011,1.6115732093045465,1.0504491508834186,58.0,94.0,94.0,97.0,97.0,98.0,98.0,90.0,94.0,97.0,97.0,100.0,49.0,False,volDry=0.99; 50SMA=+29.9%; 252H=0.97x; prior=3.5x,IRDM
2026-06-04,61.86000061035156,62.90999984741211,59.68000030517578,62.03499984741211,46925924.0,-0.0552840953114995,62.32139455202004,59.09842420168837,57.31680023193359,55.70800018310547,49.62820018768311,47.83385015487671,46.59635011672974,42.209999084472656,70.70700073242188,30.76000022888184,70.70700073242188,30.76000022888184,70.70700073242188,30.76000022888184,70.70700073242188,30.76000022888184,76.87000274658203,8.699999809265137,76.87000274658203,48724775.6,45154544.48,37429406.44444445,3518438858.217921,0.0916112358073324,5.254857199532645,0.0849475775571412,2.90142175015025,-0.6888869876243233,-1.6067662673199736,-1.0971056977082876,70.70700073242188,64.45999908447266,59382900.0,False,True,True,0.0522146703906728,0.2830100193460526,0.3994018831012982,0.7085845894078427,1.1640915218020156,0.2464687491468649,0.8047352465211421,False,False,0.130069395571202,1.081630700370888,0.5416822582019081,1.3884960235464008,0.5043774858268499,1.3546322034967675,5.958380002405105,5.477637874696469,1.301777939554585,77.0,84.0,84.0,92.0,92.0,88.0,88.0,90.0,93.0,91.0,90.0,69.23076923076923,71.0,False,tight; volDry=1.16; 50SMA=+24.6%; 252H=0.80x; prior=8.8x; blind=RS/VARS,IREN
2026-06-04,11.140000343322754,11.645000457763672,11.079999923706056,11.369999885559082,23489851.0,-0.0253718245065757,11.372487747826456,10.942285607344855,10.640800018310546,10.322666676839193,9.65320008277893,10.352000031471253,12.74260002374649,8.1899995803833,12.475000381469728,7.75,12.475000381469728,7.75,13.670000076293944,7.75,16.584999084472656,7.75,17.5049991607666,7.492000102996826,20.950000762939453,29585206.275,28248859.02,31662993.456349205,339020763.36850584,0.0688816840036943,0.7256429536002023,0.0651385037016761,2.3645229979474607,-0.3996455287193551,-10.844923900672324,-10.132354172525687,11.630000114440918,11.140000343322754,32629000.0,False,False,True,0.0507181792320388,0.2383303954058581,0.2517953517709791,0.94652420598547,1.1216012327283016,0.1540214900544989,0.5317422404599341,False,False,0.2834101326793852,1.2283987214532377,0.1592092342669782,1.044026681681622,-0.1945046706596406,0.7253165666002757,0.3872977227610474,1.0920809940028435,0.9343780560668196,44.0,93.0,93.0,77.0,77.0,24.0,24.0,87.0,80.0,76.0,72.0,65.38461538461539,34.0,False,volDry=1.12; 50SMA=+15.4%; 252H=0.53x; prior=2.8x; blind=RS/VARS,JOBY
2026-06-04,5.929999828338623,6.179900169372559,5.670000076293945,5.849999904632568,42590095.0,-0.0357724005881766,5.581705241011205,4.995555081139626,4.593799991607666,4.338166666030884,3.540499999523163,2.9349999976158143,2.9452999979257584,2.700000047683716,6.449999809265137,1.7949999570846558,6.449999809265137,1.6799999475479126,6.449999809265137,1.6799999475479126,6.449999809265137,1.6799999475479126,6.449999809265137,0.699999988079071,6.599999904632568,36078117.375,36009027.9,48835861.48809524,203321328.89455068,0.1119059673758156,0.5074213402611869,0.0855685252866775,7.8872999617605295,-0.4335652633678493,2.2650823318322413,0.6778957784020045,6.449999809265137,5.96999979019165,46569400.0,False,True,False,0.0859865274602325,0.3844856322044729,0.4873524367867093,0.7889272796900855,1.2244118231250558,0.6749046262215166,0.8984848354583052,False,False,0.6798866505384038,1.6078808801358029,1.671171059421534,2.4057553847345927,0.9129032292797712,1.722493417356014,5.445651870396959,5.074018205414331,0.7387627918429328,23.0,98.0,98.0,98.0,98.0,94.0,94.0,97.0,98.0,98.0,97.0,88.46153846153845,54.0,False,tight; volDry=1.22; 50SMA=+67.5%; 252H=0.90x; prior=9.4x,KEEL
2026-06-04,107.5199966430664,109.38999938964844,103.05500030517578,104.05999755859376,479686.0,-0.0081181261109337,105.18984740410905,101.6435854970347,100.41919982910156,97.86633326212564,88.08620010375977,76.2813994216919,58.93889945983887,81.5,110.77999877929688,61.2400016784668,110.77999877929688,54.20042747847171,110.77999877929688,44.55944793802257,110.77999877929688,34.754381883882644,110.77999877929688,30.92816314825944,110.77999877929688,833574.65,773131.72,635620.9761904762,103438174.1854271,0.0589403963107328,5.674642290387835,0.0527775527116682,4.18023336982679,-0.1550767145804279,8.129296344145104,11.0403134245188,109.95999908447266,105.48999786376952,773300.0,False,False,True,0.0589192641579307,0.113746243576801,0.1765252633939978,0.6443624067730388,1.099629698287376,0.2206224870231081,0.9705722858624934,False,False,0.1764963055163886,1.126067591872304,0.6990608415781034,1.5302369925733623,1.4006589995747318,2.1616981250227,2.322186035530745,2.6152253899213647,1.3114335134059565,78.0,88.0,88.0,95.0,95.0,97.0,97.0,84.0,90.0,91.0,94.0,88.46153846153845,42.0,False,volDry=1.10; 50SMA=+22.1%; 252H=0.97x; prior=3.6x,KLIC
2026-06-04,46.91999816894531,47.59000015258789,45.34999847412109,46.40999984741211,2462201.0,0.0193352034162714,43.584219887820055,41.89990219175704,40.17,39.874333190917966,40.77720024108887,42.48920013427735,43.99145001411438,35.16999816894531,47.790000915527344,35.16999816894531,49.43999862670898,35.16999816894531,49.43999862670898,35.16999816894531,49.88999938964844,30.26000022888184,49.88999938964844,30.26000022888184,71.98999786376953,3344990.025,3288974.02,3930965.48015873,121664845.55713578,0.0454654699150736,2.0242857251848494,0.0431433462102019,3.491684533347969,0.439660952293267,-3.997059682251536,-3.708356171920718,47.790000915527344,43.52000045776367,5093000.0,True,False,False,0.0477408731006595,0.2406223647936925,0.2689685259820569,0.8946116052617419,0.9426344146068992,0.1506429546790388,0.6517571824037903,False,False,0.2595972662804111,1.2056065571296106,0.1158144832400525,1.0049437650020543,0.2120898806160356,1.0914388185705786,-0.2917736125442217,0.557515927909419,0.8509334518157435,33.0,92.0,92.0,72.0,72.0,74.0,74.0,85.0,73.0,68.0,64.0,100.0,60.0,False,inside; volDry=0.94; 50SMA=+15.1%; 252H=0.65x; prior=2.4x; blind=VARS,KMX
2026-06-04,6.389999866485596,6.489999771118164,5.78000020980835,5.860000133514404,7524050.0,0.0323101465939152,5.799267882279328,5.353946510699533,5.21519998550415,4.974999992052714,4.018599994182587,3.2222000014781957,2.952549998164177,3.190000057220459,6.610000133514404,1.809999942779541,6.610000133514404,1.809999942779541,6.610000133514404,1.809999942779541,6.610000133514404,1.809999942779541,6.610000133514404,1.3600000143051147,6.610000133514404,10044608.75,9012553.0,4709555.357142857,59429024.02710319,0.120848699094769,0.5585714408329555,0.0874133728488106,6.750751708958113,0.3580559166556959,2.548374031906256,2.398055791820436,6.610000133514404,6.0,12680100.0,False,False,False,0.1111110447800844,0.3270735831387989,0.3771518583105592,0.8672198636483339,0.8981644823614352,0.590105976144901,0.9667170555847115,False,False,0.3452631297864412,1.2876004844981763,1.7782608691145207,2.502204425469145,1.8026315555568104,2.52365845372035,3.698529264171026,3.698683004362685,2.1328146689613936,92.0,94.0,94.0,98.0,98.0,98.0,98.0,97.0,98.0,98.0,97.0,100.0,48.0,False,volDry=0.90; 50SMA=+59.0%; 252H=0.97x; prior=4.9x,KOPN
2026-06-04,3.0199999809265137,3.039999961853028,2.9100000858306885,2.9200000762939453,5770132.0,0.0100334352154127,2.943727172582712,2.942689649606915,2.9932000064849853,2.9820000012715657,2.881999998092651,2.3894999969005584,1.905500001609325,2.640000104904175,3.3399999141693115,1.8899999856948853,3.3399999141693115,1.2699999809265137,3.3399999141693115,0.8399999737739563,3.3399999141693115,0.8399999737739563,3.3399999141693115,0.8399999737739563,3.3399999141693115,14878588.3,17852662.64,15816202.507936507,35299247.51465841,0.0566858666427521,0.1885713679449898,0.0624408507072697,0.7668602818285264,0.1590908085183012,6.487292415785042,5.845190391560792,3.0899999141693115,2.950000047683716,8365800.0,False,False,True,0.043046316835557,0.1788079355177212,0.2317880177768683,0.771428727130543,0.627116157727383,0.0478834083709898,0.904191634291588,False,False,-0.0320512526604305,0.9264591056187544,0.1936758952876898,1.0750686305122428,1.8224297503590483,2.541485942168486,0.6593406010388108,1.3062331922272374,0.9407181207077984,45.0,36.0,36.0,80.0,80.0,98.0,98.0,63.0,86.0,95.0,97.0,46.15384615384615,76.0,False,volDry=0.63; 50SMA=+4.8%; 252H=0.90x; prior=4.0x; blind=1m/RS,KOS
2026-06-04,3.650000095367432,3.799999952316284,3.359999895095825,3.369999885559082,21942923.0,0.0549133107299659,3.472550667072171,3.304172314399366,3.1788000011444093,3.116333333651225,2.883799996376037,3.442250008583069,3.950049992799759,2.559999942779541,3.900000095367432,1.9900000095367432,4.139999866485596,1.9900000095367432,4.840000152587891,1.9900000095367432,5.480000019073486,1.9900000095367432,7.5,1.9900000095367432,8.710000038146973,15920605.575,14692678.46,15603224.297619049,56974446.3009218,0.0946769233639694,0.3292857067925589,0.0902152597777976,2.945079771794461,0.5770066944938909,-8.097738281409464,-9.156366668026513,3.660000085830689,3.430000066757202,17232600.0,False,False,False,0.1205479577326328,0.2698630432269203,0.367123319883913,0.7350746427991904,1.6194645765085367,0.2656911366787742,0.4190585625007596,False,False,0.2542955284228119,1.2005320701515794,-0.1391508744339245,0.7753125401572536,-0.1609194999107163,0.7555586795573337,0.0549133107299659,0.8304279305497314,1.0203407495352983,55.0,92.0,92.0,21.0,21.0,27.0,27.0,89.0,91.0,89.0,87.0,92.3076923076923,31.0,False,volDry=1.62; 50SMA=+26.6%; 252H=0.42x; prior=4.4x; blind=VARS,LAES
2026-06-04,3.619999885559082,3.799999952316284,2.7699999809265137,2.789999961853028,67135690.0,0.1565494419177322,1.9055717241089745,1.453619038611817,1.1024399995803833,1.0563666681448618,1.0393799984455108,1.161929995417595,2.270340001285076,0.5600000023841858,4.489999771118164,0.5600000023841858,4.489999771118164,0.3799999952316284,4.489999771118164,0.3799999952316284,4.489999771118164,0.3799999952316284,4.489999771118164,0.3799999952316284,6.769999980926514,16326124.75,13311889.8,4577269.007936508,83560187.3389402,0.1793444684206946,0.3831428459712437,0.1058405685314186,23.458353182427185,1.278895785920378,0.5795411085411057,-10.24440765555842,4.489999771118164,3.0199999809265137,228896100.0,False,False,False,0.2845303878319584,1.0135358859489785,1.040331467696916,0.9742432267215204,4.435221436403417,2.4828454376389075,0.5347119491518321,False,False,4.22366491834981,4.999760515841303,2.4476190951946397,3.105053183892489,0.2791519375090565,1.1518255384968528,0.5338983247760254,1.2074850118594405,3.5667828833507924,96.0,99.0,99.0,99.0,99.0,79.0,79.0,99.0,99.0,99.0,99.0,100.0,32.0,False,volDry=4.44; 50SMA=+248.3%; 252H=0.53x; prior=17.8x; blind=VARS,LASE
2026-06-04,74.88999938964844,76.9000015258789,70.83999633789062,72.43000030517578,894596.0,-0.0196360781775744,75.77062756399081,75.11684540264946,75.02980041503906,74.21750030517578,70.37650039672852,62.81540004730225,47.607974977493285,63.43000030517578,86.94999694824219,53.25,86.94999694824219,41.5099983215332,86.94999694824219,34.28499984741211,86.94999694824219,28.049999237060547,86.94999694824219,16.25,86.94999694824219,1249427.4,1336235.92,1111698.396825397,109104584.23010711,0.0890744726576171,5.695000784737723,0.0760448769014799,0.8433652876020552,-0.2633889013711665,2.252196694188316,3.654285657400144,80.27999877929688,75.11000061035156,1505600.0,False,False,True,0.0809187506660057,0.1842035773904231,0.2809452992069464,0.6556563783426658,0.8389234140629899,0.0641336094786795,0.8612996206800033,False,False,0.1185960090116884,1.0706491029675531,0.197090756804579,1.0781441810103671,1.2262188094062,2.004621658901224,3.577628153770534,3.603509630503584,1.1238906195852278,66.0,83.0,83.0,80.0,80.0,96.0,96.0,70.0,78.0,88.0,92.0,50.0,71.0,False,volDry=0.84; 50SMA=+6.4%; 252H=0.86x; prior=5.4x; blind=RS,LASR
2026-06-04,34.20000076293945,35.779998779296875,33.84000015258789,35.689998626708984,3404069.0,-0.0494718955515095,31.08371798455023,29.207376885453087,28.450000076293943,27.63733336130778,24.42599998474121,21.647600021362305,25.80427508354187,22.399999618530277,37.5,16.700000762939453,37.5,16.239999771118164,37.5,16.239999771118164,37.5,16.239999771118164,37.5,16.239999771118164,45.297000885009766,2891806.725,2582065.38,1968405.4325396824,90878971.10535143,0.0923611349216666,2.5782861709594727,0.0753884828491995,5.307805661044573,-0.6903806099361243,-0.0144761812314531,-0.8625429331453037,37.5,34.349998474121094,4088600.0,False,False,False,0.056725104778689,0.3710526389171614,0.3859649259787013,0.961363621257226,1.3801187714309542,0.400147416044543,0.7550168906272409,True,False,0.1995791121844119,1.148160989358075,0.926760606362786,1.7353118167039363,0.2813787965009122,1.1538307366146352,0.2029546393185659,0.9469660886004578,1.4691113310274315,84.0,89.0,89.0,96.0,96.0,79.0,79.0,92.0,93.0,92.0,91.0,92.3076923076923,31.0,False,NR7; volDry=1.38; 50SMA=+40.0%; 252H=0.76x; prior=2.8x; blind=VARS,LEGN
2026-06-04,88.9000015258789,89.88999938964844,85.31999969482422,86.81999969482422,814139.0,0.0087371416822672,86.56216813981874,86.00061604237536,89.49220001220704,88.0525001525879,78.00009994506836,64.28704990386963,52.67316933928943,76.83000183105469,107.23799896240234,47.79999923706055,107.23799896240234,43.88999938964844,107.23799896240234,40.04999923706055,107.23799896240234,33.0099983215332,107.23799896240234,26.959999084472656,107.23799896240234,1762445.975,1926146.78,1356073.9836065574,134490197.21120414,0.0666992914264932,5.143428257533482,0.057856334862224,2.415330131673505,0.1497064280683077,6.367656928788263,6.097726720220106,89.86000061035156,84.31800079345703,983900.0,False,False,True,0.051406069925588,0.1141732435507802,0.333948204736558,0.3418890772024007,0.5838827610012151,0.139742148900922,0.828997206084079,False,False,-0.1054537735678858,0.8562028714359066,0.6441650088337016,1.4807957766098538,1.0117674652324302,1.811516737006378,0.0,0.0,1.2996680094936066,77.0,19.0,19.0,94.0,94.0,95.0,95.0,66.0,92.0,92.0,92.0,57.692307692307686,68.0,False,volDry=0.58; 50SMA=+14.0%; 252H=0.83x; prior=4.0x; blind=1m/RS,LGN
2026-06-04,945.0800170898438,955.476806640625,864.2000732421875,900.0999755859375,6005503.0,0.0075479926330956,931.9387447916216,924.893642612534,940.4984033203124,925.0120035807292,881.650400390625,718.343000793457,474.6922253036499,780.47998046875,1085.6800537109375,573.72998046875,1085.6800537109375,340.0,1085.6800537109375,309.07000732421875,1085.6800537109375,184.1999969482422,1085.6800537109375,79.49500274658203,1085.6800537109375,5997545.075,6062480.06,4547616.678571428,5913176520.085978,0.0931874977471294,86.14334106445312,0.0911492566838009,0.7893008064818418,0.082188791406946,4.616387414894623,4.206293437976138,1049.530029296875,932.5,6202200.0,False,False,True,0.0965809579589918,0.2570258917627663,0.2952766470008023,0.8704579057417565,0.9747595441988144,0.0719441818107444,0.8704958830729992,False,False,-0.0497506239846882,0.9095183907594652,0.4521373136259985,1.3078485368085404,2.121033072585296,2.8103663795385474,11.171023805773796,9.58103192830738,1.3188325883447256,78.0,30.0,30.0,91.0,91.0,98.0,98.0,74.0,88.0,96.0,96.0,50.0,65.0,False,volDry=0.97; 50SMA=+7.2%; 252H=0.87x; prior=13.7x; blind=1m/RS,LITE
2026-06-04,17.6200008392334,18.770099639892575,14.699999809265137,14.890000343322754,5277157.0,0.12804103510419,16.175508322355462,15.231714262962186,14.169199981689452,14.127333291371665,13.41499994277954,12.467299966812131,10.05314997434616,10.699999809265137,18.940000534057617,9.119999885559082,18.940000534057617,8.720000267028809,18.940000534057617,6.869999885559082,18.940000534057617,5.829999923706055,18.940000534057617,2.75,18.940000534057617,3852666.425,3477151.14,2025216.892857143,68071511.69574118,0.1288960364693316,2.052864210946219,0.1165076114170908,2.6904264188210014,0.9742490238808652,-2.3156361209482945,-1.1579842340748203,16.649999618530273,15.0600004196167,4198800.0,False,False,False,0.2309931689426934,0.3183882147076923,0.4676504161364717,0.6808252569046768,1.4609159899790838,0.3134551557502725,0.9303062482785776,False,False,0.4561983705568433,1.393780655946544,0.5551633678625725,1.4006376091793944,1.22474755928013,2.00329685657006,5.075862158549666,4.782919683834925,1.9023475651364536,90.0,96.0,96.0,93.0,93.0,96.0,96.0,94.0,93.0,92.0,95.0,92.3076923076923,41.0,False,volDry=1.46; 50SMA=+31.3%; 252H=0.93x; prior=6.9x; blind=VARS,LPTH
2026-06-04,62.540000915527344,66.23989868164062,54.5,55.15999984741211,4394672.0,0.1230023784833258,58.92019422996749,56.08410727630566,53.84039978027344,51.13066660563151,45.83980003356933,41.81040019989014,34.88250011444092,36.02000045776367,66.23989868164062,34.209999084472656,66.23989868164062,29.1200008392334,66.23989868164062,29.1200008392334,66.23989868164062,22.049999237060547,66.23989868164062,11.850000381469728,66.23989868164062,1518889.3,1429079.44,2120861.793650794,116010645.79767077,0.0797850795793571,3.630706242152623,0.0580541443716416,6.275462693601068,1.8866859040507329,3.535682748483177,2.6766183963155066,56.41999816894531,53.060001373291016,1393200.0,False,False,False,0.1877182364851206,0.2107434780205979,0.4259657789820309,0.4947427432415597,1.1480097985315638,0.3643166172131673,0.9441439700278592,False,False,0.5584350673047374,1.49163513314981,0.8117033628677683,1.631687010604547,1.0311789235442514,1.8289959845979995,2.7834239756597863,2.9783119717442257,0.7161660908537681,21.0,97.0,97.0,96.0,96.0,95.0,95.0,95.0,91.0,93.0,91.0,88.46153846153845,37.0,False,volDry=1.15; 50SMA=+36.4%; 252H=0.94x; prior=5.6x,LQDA
2026-06-04,336.4100036621094,342.3689880371094,324.7200012207031,329.3500061035156,8176709.0,-0.0212388000769621,321.88453544577004,307.417016441437,298.06999633789064,291.25133005778,271.64999816894533,249.32605758666992,197.2242171859741,241.6000061035156,346.19000244140625,198.6000061035156,346.19000244140625,194.0800018310547,346.19000244140625,153.41620213256954,346.19000244140625,135.1154167794273,346.19000244140625,82.88271579699156,346.19000244140625,9212357.725,9236206.18,10940940.90873016,2681247215.865245,0.0447164112726161,15.916429792131696,0.0473125936175137,5.038722191252186,-0.4586448021513912,1.5085481402289176,4.335521593680803,346.19000244140625,332.1300048828125,8630900.0,False,False,False,0.0524627288852352,0.1616777564767868,0.2451770461296125,0.6594326794822224,0.9567543997810584,0.238395015386263,0.9717496209875324,False,False,0.2197607634219258,1.1674775850009822,0.5670300686574454,1.411325198518013,1.1326730326769503,1.9203874006432895,3.050620431918027,3.1886490657630824,0.8420078128425991,32.0,90.0,90.0,93.0,93.0,96.0,96.0,88.0,89.0,87.0,92.0,96.15384615384616,51.0,False,volDry=0.96; 50SMA=+23.8%; 252H=0.97x; prior=4.2x; blind=VARS,LRCX
2026-06-04,151.9199981689453,154.89500427246094,146.2899932861328,148.1999969482422,1068935.0,-0.0173351088535912,146.39727279213338,139.06864751832214,134.0936016845703,131.39866841634114,120.34080078125,105.26720069885252,88.01035028457642,109.3499984741211,155.82000732421875,84.4800033569336,155.82000732421875,78.69000244140625,155.82000732421875,71.2699966430664,155.82000732421875,60.5,155.82000732421875,46.04999923706055,155.82000732421875,2252548.375,2114810.7,2150875.9325396824,311340155.31201553,0.0498481827695171,7.548927852085659,0.0496901523372238,5.281020612299816,-0.3550183532128824,4.264427468136384,5.19853117824503,155.82000732421875,149.17999267578125,1379300.0,False,False,False,0.0566417265010678,0.1290153129262093,0.2532254430869358,0.5094879541070308,0.8836599417621633,0.2624147187211969,0.9749710629447051,False,False,0.2424961342923228,1.189238438992882,0.6674349374516935,1.5017535343983972,1.1274329978721886,1.9156689573264696,2.264990375124205,2.5702009567051776,1.0472702497257786,58.0,91.0,91.0,94.0,94.0,96.0,96.0,88.0,91.0,90.0,91.0,96.15384615384616,53.0,False,volDry=0.88; 50SMA=+26.2%; 252H=0.97x; prior=3.4x,LSCC
2026-06-04,33.630001068115234,34.72990036010742,31.76000022888184,33.40999984741211,12559562.0,-0.0059119347358669,36.88874301039144,35.06797649665366,33.33280006408691,32.066000111897786,28.502000007629395,23.453800077438355,17.362850017547608,22.75,46.75,15.850000381469728,46.75,14.539999961853027,46.75,10.154999732971191,46.75,7.78000020980835,46.75,7.78000020980835,46.75,15493649.05,15980197.24,10274617.30952381,635995849.0400002,0.1491019486126168,5.472921371459961,0.1627392565458127,1.105555228474803,-0.0365436938272878,-0.2876049507356732,1.703910321402143,38.790000915527344,33.2400016784668,16521500.0,False,True,True,0.0883110329140418,0.4585191670098911,0.6877787221569929,0.6666666941540381,1.2949543669086778,0.1799172359523255,0.7193583116174381,False,False,0.3560484718829884,1.297923529411477,0.903225858681982,1.7141155530795005,2.570063778741081,3.2147007042995948,2.048957559589732,2.4001398890227668,1.5079538812251951,85.0,94.0,94.0,96.0,96.0,99.0,99.0,91.0,94.0,94.0,97.0,46.15384615384615,71.0,False,tight; volDry=1.29; 50SMA=+18.0%; 252H=0.72x; prior=6.0x; blind=RS/VARS,LUNR
2026-06-04,12.18000030517578,12.890000343322754,11.609999656677246,11.920000076293944,4499658.0,-0.008950338243993,12.202508824507188,12.596586129773504,13.750000076293944,13.5263334274292,12.079000082015993,8.323500049114227,6.195550029277801,10.220000267028809,18.709999084472656,4.300000190734863,18.709999084472656,3.0,18.709999084472656,2.8399999141693115,18.709999084472656,2.8399999141693115,18.709999084472656,0.9900000095367432,18.709999084472656,9427188.95,8638175.16,3571864.912698413,110764905.79743138,0.1265224252065107,1.4342857088361467,0.1177574444088199,0.0710072963928013,-0.0766929880145745,5.846949848131931,7.773775122231492,13.170000076293944,12.010000228881836,6994800.0,False,True,True,0.1050903657286102,0.2816091351035449,0.6970442204205939,0.404004691314452,0.7827284900761378,0.0083616377575959,0.6509888242209434,False,False,-0.2715310523100651,0.6972442410848944,1.7744876254236548,2.4988061027390454,2.0450000762939453,2.741901684822644,11.059406356617073,9.493166654096065,2.6392904492230933,94.0,4.0,4.0,98.0,98.0,98.0,98.0,71.0,97.0,98.0,98.0,30.76923076923077,99.0,False,tight; volDry=0.78; 50SMA=+0.8%; 252H=0.65x; prior=18.9x; blind=1m/RS,LWLG
2026-06-04,13.880000114440918,14.0649995803833,13.270000457763672,13.489999771118164,34294313.0,-0.005730653544946,13.951686405010918,13.436237309294794,13.194399948120116,12.87400000890096,11.590000019073486,10.291499981880188,12.642449972629548,10.270000457763672,15.31999969482422,7.630000114440918,15.31999969482422,6.659999847412109,15.31999969482422,6.659999847412109,15.31999969482422,6.659999847412109,19.270000457763672,6.659999847412109,23.450000762939453,43741032.825,44800554.26,48087476.63888889,557150103.3760192,0.0720620923889094,0.9317856516156878,0.0671315305427301,2.943238900572012,-0.0858565739527511,-2.2765863371473483,-2.6934430527497235,14.380000114440918,13.699999809265137,32010400.0,False,False,True,0.0572765933764296,0.1613832674819391,0.273054750043544,0.5910289693045198,0.8784833569601467,0.1975841321483014,0.5918976402072007,False,False,0.1414473921555894,1.092520996544397,0.5826681174404731,1.4254094032468028,0.1654072453625483,1.0494029587852205,-0.0945857675460833,0.7127422317068897,0.90961380971332,41.0,85.0,85.0,93.0,93.0,70.0,70.0,86.0,91.0,92.0,91.0,69.23076923076923,55.0,False,volDry=0.88; 50SMA=+19.8%; 252H=0.59x; prior=3.5x; blind=RS/VARS,MARA
2026-06-04,3.609999895095825,4.170000076293945,3.609999895095825,3.839999914169312,272766.0,-0.1195122002278816,3.5307892433491546,2.953896218048988,2.480799984931946,2.339666652679443,2.125399990081787,3.49700000166893,7.98312498986721,1.25,7.059999942779541,1.184999942779541,7.059999942779541,1.184999942779541,7.059999942779541,1.184999942779541,16.625,1.184999942779541,16.625,1.184999942779541,94.25,7533811.65,8976901.32,1909402.4047619049,47232032.69969752,0.3792395191343807,1.0945000052452087,0.3031856058312034,2.303881702104732,-0.4476930170749199,-12.064091811333366,-12.518839916956924,5.150000095367432,3.9800000190734863,694100.0,False,True,True,0.155124708440817,1.596952951031002,1.596952951031002,1.0,2.240988942941839,0.6985037696160474,0.0383023861548628,False,False,0.7272727480137964,1.6532358450618685,0.0097901669777,0.9094543470326208,-0.6097297410707216,0.351422874772716,-0.9543037987962554,0.035972057053059,3.945638505121417,97.0,98.0,98.0,50.0,50.0,5.0,5.0,99.0,98.0,97.0,96.0,84.61538461538461,61.0,False,tight; volDry=2.24; 50SMA=+69.9%; 252H=0.04x; prior=79.5x; blind=VARS,MASK
2026-06-04,41.09000015258789,41.52999877929688,39.05009841918945,39.41999816894531,1177850.0,0.0208695690083948,42.1953031198791,40.49363921616454,38.7476001739502,37.47200018564861,34.53320003509521,34.07322033381058,0.0,28.959999084472656,49.369998931884766,23.229999542236328,49.369998931884766,23.229999542236328,49.369998931884766,0.0,0.0,0.0,0.0,0.0,0.0,868081.25,879991.0,0.0,46835859.38849449,0.0661822599526007,2.8949928283691406,0.0704549237677919,2.694906927875902,0.2901562119105817,-1.2393185710253194,-1.625637821363484,42.45000076293945,40.08000183105469,944500.0,False,False,True,0.0603528924531102,0.2511535768890805,0.4658067490526154,0.5391797722980423,1.643817948138106,0.1898694621647911,0.0,False,False,0.3467715452093198,1.2890442440024092,0.0,0.0,0.0,0.0,0.0,0.0,0.0,0.0,94.0,94.0,0.0,0.0,0.0,0.0,89.0,90.0,88.0,0.0,69.23076923076923,27.0,False,volDry=1.64; 50SMA=+19.0%; blind=RS/VARS,MDA
2026-06-04,380.1799926757813,390.0,369.0,372.9500122070313,1656125.0,0.0322002202316491,354.60239457582475,331.9872643631549,315.0703997802734,305.6443333943685,282.2673999023437,307.95639999389647,327.9441502380371,240.6199951171875,412.0,215.67999267578125,412.0,215.67999267578125,426.3200073242188,215.67999267578125,444.7200012207031,215.67999267578125,444.7200012207031,193.8650054931641,444.7200012207031,2344738.125,2151936.5,2231927.876984127,1044432705.8409882,0.0654621983219314,27.660714285714285,0.0727568909953224,4.767642642330032,0.4287664168415107,-6.398991872012018,-9.400849120718478,392.489990234375,364.3699951171875,2096300.0,True,False,False,0.0552369940674623,0.3137461230923302,0.3418118120641163,0.9178914011124882,1.992448429588884,0.346878856032657,0.8548749586981308,False,False,0.4256037315029803,1.364497409274159,0.4404577093396302,1.2973294535007178,-0.0542550762168921,0.8516057586078828,0.9622193170362904,1.544659366942299,1.0505438590463358,59.0,95.0,95.0,90.0,90.0,36.0,36.0,93.0,90.0,88.0,85.0,92.3076923076923,48.0,False,inside; volDry=1.99; 50SMA=+34.7%; 252H=0.85x; prior=2.3x; blind=VARS,MDB
2026-06-04,12.720000267028809,12.979999542236328,12.220000267028809,12.609999656677246,764554.0,-0.0363636022100102,11.949298200530848,11.126636625248832,10.684400024414062,10.22966669400533,8.714190340042114,8.094202280044556,7.607884323596954,7.550000190734863,15.550000190734863,4.845439200287008,15.550000190734863,4.845439200287008,15.550000190734863,4.845439200287008,15.550000190734863,4.845439200287008,15.550000190734863,4.845439200287008,15.550000190734863,932116.35,818123.08,480406.1666666667,17091662.78408041,0.1133595504468163,0.8557141848972866,0.067273126331244,6.8331615095175575,-0.5609344226237685,4.5283817616151225,3.763292895625966,13.529999732971191,12.300000190734863,1208600.0,False,True,False,0.0597483694381276,0.2374213396769668,0.5172955806268265,0.4589664953048206,0.7764301185586893,0.4596881374715686,0.8180064380068465,False,False,0.4149055162263604,1.3542577566229872,0.6967850688264114,1.528187347518807,0.5539322636841975,1.399254313675315,0.5797274645017261,1.2435617181387018,1.9402672460837824,91.0,95.0,95.0,95.0,95.0,89.0,89.0,94.0,97.0,96.0,95.0,92.3076923076923,75.0,False,tight; volDry=0.78; 50SMA=+46.0%; 252H=0.82x; prior=3.2x,MEI
2026-06-04,330.2300109863281,335.8299865722656,318.010009765625,323.20001220703125,656762.0,-0.0146799433082366,324.2603806460706,314.903294576724,310.7846423339844,304.7273325602213,284.02040100097656,257.7113442993164,198.43659538269043,261.0329307896088,341.8099975585937,208.31271198964373,341.8099975585937,200.34872594073096,341.8099975585937,146.64762360744936,341.8099975585937,134.30302634682934,341.8099975585937,85.59164410016501,341.8099975585937,1184281.55,1144729.24,1175235.1666666667,374111885.8091339,0.0449672733747894,15.507916690219371,0.0469609550140535,3.464542126962182,-0.3172562123227818,5.419991486320553,7.613396213795905,341.8099975585937,326.8099975585937,716600.0,False,False,True,0.0539623178202855,0.1055681165437656,0.1853007758344608,0.5697122209465294,0.857561915689338,0.1626982069685645,0.966121568546922,False,False,0.1488939337506918,1.099648353530098,0.4340610160398892,1.2915683550880686,1.0550309242835056,1.8504737643598144,2.8541729720960096,3.0340055932972123,1.0076975090517344,53.0,86.0,86.0,90.0,90.0,95.0,95.0,80.0,86.0,84.0,92.0,88.46153846153845,58.0,False,volDry=0.86; 50SMA=+16.3%; 252H=0.97x; prior=4.0x,MKSI
2026-06-04,15.789999961853027,17.178300857543945,13.020000457763672,13.550000190734863,8533697.0,0.2035061051511715,13.877849355079926,11.463818511955214,8.99999994277954,8.40266661643982,6.910399990081787,6.384799993038177,12.235867844820024,4.0920000076293945,22.200000762939453,3.109999895095825,22.200000762939453,3.109999895095825,22.200000762939453,3.109999895095825,22.200000762939453,3.109999895095825,23.21428680419922,3.109999895095825,43.57143020629883,7139627.425,5990103.94,2099514.222222222,158657077.60491157,0.2064858008381258,2.866307190486363,0.1815267382780911,7.078636495429017,0.9315121858382848,-2.013972065890824,-3.9024947574919446,14.600000381469728,12.5,3948600.0,False,False,False,0.2633502476140777,1.0322989681412984,1.1285624250506507,0.9147025855437,3.035259468302314,1.2849617944714873,0.3623934281498607,False,False,2.3312237814999244,3.188435972159639,2.6550924385219505,3.291911345273834,0.3217338526810529,1.1901688626438836,-0.4736666679382324,0.4143296849870552,3.400609221614651,96.0,99.0,99.0,99.0,99.0,81.0,81.0,99.0,99.0,99.0,98.0,84.61538461538461,34.0,False,volDry=3.04; 50SMA=+128.5%; 252H=0.36x; prior=14.0x; blind=VARS,MNTS
2026-06-04,28.420000076293945,29.483999252319336,26.649999618530277,27.32999992370605,1511750.0,-0.0052502492170991,29.907649890643704,29.01862438400991,29.952799911499024,27.174999904632568,20.48759994506836,15.826149940490724,12.376274979114532,12.359999656677246,51.5,8.0,51.5,8.0,51.5,8.0,51.5,7.349999904632568,51.5,5.639999866485596,51.5,4437353.75,3601385.0,1000543.4523809524,246705232.36029148,0.1855881033029212,4.888357026236398,0.1720041172805603,2.2509958019420404,-0.0306850783862977,7.383314936972138,10.28410592993402,31.309999465942383,27.75,2942100.0,False,False,True,0.0997184949395195,0.3940183614184043,1.0978184616179645,0.3589103072995331,1.2732143328191794,0.3871805459152877,0.5518446616756106,True,False,0.4918635808134137,1.4279171315469563,2.1179375523788497,2.8081298011389886,2.465853748457693,3.120863709077839,3.934027594962613,3.884067328835612,4.434943569357843,97.0,96.0,96.0,99.0,99.0,98.0,98.0,98.0,98.0,98.0,97.0,38.46153846153847,50.0,False,NR7; volDry=1.27; 50SMA=+38.7%; 252H=0.55x; prior=9.1x; blind=RS,MRAM
2026-06-04,51.59000015258789,51.900001525878906,48.93999862670898,49.39799880981445,6696563.0,0.0515694804010797,48.23078107375234,48.44645061136941,48.419199829101565,48.52066650390625,49.8873998260498,48.81869998931885,37.8916499710083,43.68000030517578,59.47999954223633,43.68000030517578,59.47999954223633,36.65499877929688,59.54999923706055,28.65999984741211,59.54999923706055,22.280000686645508,59.54999923706055,22.280000686645508,59.54999923706055,6884836.575,6581363.26,9830231.202380951,393307516.0831007,0.0664031165386394,2.504856927054269,0.0485531482776826,0.7029176492934601,1.010037240838411,0.7191931174885697,1.1878763066475195,49.54999923706055,45.29999923706055,6934400.0,False,False,False,0.0573755163871896,0.1550688113265822,0.3019964716083818,0.5134788843747483,0.8073534448849128,0.0341288648531454,0.866330828103205,False,False,0.1044744415278193,1.0571328348624505,-0.0416125135105333,0.8631591931007198,1.144222830329444,1.9307875349123425,0.8550881389180813,1.46032568602543,0.7003738196241451,20.0,82.0,82.0,35.0,35.0,96.0,96.0,70.0,54.0,74.0,86.0,88.46153846153845,70.0,False,volDry=0.81; 50SMA=+3.4%; 252H=0.87x; prior=2.7x; blind=VARS,MRNA
2026-06-04,4.989999771118164,5.210000038146973,4.860000133514404,4.860000133514404,3337449.0,0.0309916557440748,4.68720462321416,4.466646945061984,4.367999963760376,4.230666637420654,3.8051999759674073,3.595899977684021,3.3784999883174898,3.299999952316284,5.210000038146973,2.799999952316284,5.210000038146973,2.799999952316284,5.210000038146973,2.799999952316284,5.210000038146973,2.5450000762939453,5.210000038146973,1.9900000095367432,5.210000038146973,2559133.725,2389278.98,1657620.4325396826,15034807.2314456,0.0616813560388498,0.2390000138963972,0.0478957965649048,6.500849091561369,0.6276134301619579,-0.932406528625812,-0.9204901063973584,4.989999771118164,4.735000133514404,4934000.0,False,False,False,0.0701402646666134,0.1783566948513434,0.2945891976024741,0.6054420742610606,1.2275732237848591,0.3113633455885696,0.9577734615320548,False,False,0.2961038687595483,1.2405483599626237,0.3559781740752323,1.2212440616103857,0.4505813046846616,1.3061908780402782,1.247747615679995,1.7694272902818995,1.5438599059008256,85.0,93.0,93.0,88.0,88.0,86.0,86.0,91.0,90.0,88.0,86.0,100.0,41.0,False,volDry=1.23; 50SMA=+31.1%; 252H=0.96x; prior=2.6x; blind=VARS,MRVI
2026-06-04,316.42999267578125,321.5,277.5899963378906,282.95001220703125,85668645.0,0.0489971791094046,246.4508674981056,216.10799329592453,196.0667987060547,189.98499908447263,162.03374267578124,122.2568280029297,102.4619944000244,146.85000610351562,324.20001220703125,85.0874064144628,324.20001220703125,70.65463146973819,324.20001220703125,70.65463146973819,324.20001220703125,70.65463146973819,324.20001220703125,61.32450038161137,324.20001220703125,34657003.625,33260772.9,21858619.22619048,9608348064.98491,0.0856228150923288,23.0557131086077,0.0728619715016424,13.077669757582647,0.6410558072818341,14.432791331234066,8.219227440002639,324.20001220703125,294.010009765625,115542800.0,False,False,False,0.1387668826548316,0.4297949575157265,0.5253610888380482,0.8180943862178921,1.718300854638288,0.9528648011848782,0.9760332534278618,False,False,0.875140697337963,1.7947656610330929,3.183250381307664,3.767589909686792,2.410659946732173,3.071163881770393,4.087964753963066,4.0052466855497615,1.5855074497786577,86.0,98.0,98.0,99.0,99.0,98.0,98.0,97.0,98.0,98.0,98.0,100.0,32.0,False,volDry=1.72; 50SMA=+95.3%; 252H=0.98x; prior=5.3x,MRVL
2026-06-04,382.739990234375,390.3399963378906,367.66009521484375,373.6300048828125,1249149.0,-0.0194702212809799,378.8511360051435,365.020308731436,359.0900012207032,345.4656677246094,307.1182009887696,268.1118995666504,209.26765003204343,260.8500061035156,418.8999938964844,205.69000244140625,418.8999938964844,197.6300048828125,418.8999938964844,162.94000244140625,418.8999938964844,144.05999755859375,418.8999938964844,118.16000366210938,418.8999938964844,1370046.225,1326732.98,1102716.4642857143,642559677.9569641,0.0622704779652858,23.253566196986608,0.0607555175584005,4.052804631597284,-0.3268318519032361,9.876845432789796,9.336468046170044,395.30999755859375,376.9299926757813,1585300.0,False,False,True,0.0592566799961472,0.1867325156614486,0.2648272663891056,0.7051106111826346,1.222321992779587,0.2462302429557756,0.9136786722631344,False,False,0.2607964588069504,1.2067543481037255,0.6714996828360211,1.5054143943277645,1.1513123621833166,1.9371713768984469,2.0170265520489368,2.375003794670026,1.242428375173893,74.0,92.0,92.0,94.0,94.0,96.0,96.0,90.0,92.0,91.0,93.0,61.53846153846154,45.0,False,volDry=1.22; 50SMA=+24.6%; 252H=0.91x; prior=3.5x; blind=RS,MTSI
2026-06-04,2.450000047683716,2.716399908065796,2.4200000762939453,2.650000095367432,478838.0,-0.085820900501613,2.640445098617477,2.3640185410403523,2.020800004005432,1.943333335717519,1.7042000031471252,1.9496699929237369,5.650780028104782,0.9660000205039978,4.309999942779541,0.9660000205039978,4.309999942779541,0.9660000205039978,4.309999942779541,0.9660000205039978,10.0,0.9660000205039978,14.850000381469728,0.9660000205039978,19.030000686645508,5264228.45,4225598.76,984631.8214285716,27630345.16334248,0.21226176483894,0.635528530393328,0.2593993951119188,1.687069150928531,-0.3619035308000091,-11.10749078181071,-13.118458401739348,2.7699999809265137,2.559999942779541,339000.0,False,False,True,0.1209795208175908,0.81224488604322,1.3648979008947508,0.5950957104635868,1.3999587125967443,0.4376247172628393,0.1287440861419951,False,False,0.7253521983998588,1.6513976168679525,0.5408805007869688,1.387773931184911,-0.6287878661992025,0.3342617896856699,-0.6685606085040603,0.2609091431334587,5.346392768783661,98.0,98.0,98.0,92.0,92.0,5.0,5.0,98.0,96.0,95.0,94.0,61.53846153846154,47.0,False,volDry=1.40; 50SMA=+43.8%; 252H=0.13x; prior=19.7x; blind=RS/VARS,MTVA
2026-06-04,996.0,1036.369873046875,971.6799926757812,1007.0999755859376,53659458.0,-0.0774104045563028,951.0115649131822,851.7829842609243,788.8643969726562,741.5786651611328,607.7120062255859,505.3492578125,357.0054076766968,471.7999877929688,1089.2900390625,311.489990234375,1089.2900390625,311.489990234375,1089.2900390625,221.5074267095709,1089.2900390625,192.43137763993107,1089.2900390625,101.45714669944786,1089.2900390625,48002093.95,49598083.16,32527232.76984127,45984125895.12608,0.0689793788602333,68.38285173688617,0.0686574816635403,9.306112017711722,-1.2220892250971205,11.1745007755996,11.769730759748048,1089.2900390625,1038.5,40324200.0,False,True,False,0.0649496790874435,0.3585241233488642,0.4556928274621925,0.7867670977959597,1.0597283695509656,0.6389342152148949,0.9143570254779982,False,False,0.5557637941404916,1.4890783600216742,1.5095540039727582,2.260197091101746,3.1622653220757098,3.747954684181282,8.76414717337009,7.68633825006338,1.475750928142488,84.0,97.0,97.0,98.0,98.0,99.0,99.0,97.0,98.0,97.0,98.0,88.46153846153845,54.0,False,tight; volDry=1.06; 50SMA=+63.9%; 252H=0.91x; prior=10.7x,MU
2026-06-04,8.550000190734863,9.149800300598145,8.010000228881836,8.460000038146973,3447515.0,-0.0425532028504715,7.41163431435012,6.322912177169653,5.373600063323974,5.242000047365824,4.371400022506714,3.614800007343293,3.242900004386902,3.0,9.859999656677246,2.630000114440918,9.859999656677246,2.400000095367432,9.859999656677246,2.400000095367432,9.859999656677246,2.180000066757202,9.859999656677246,2.180000066757202,9.859999656677246,3214867.875,2625078.3,777946.0912698413,29913352.344840765,0.1558783538033439,1.2121285540716988,0.1417694183662372,6.742604866039539,-0.3134981955209682,9.530778386322686,7.252162177548949,9.859999656677246,8.050000190734863,8556000.0,False,True,False,0.133309946934439,0.5918127898319359,0.7087718794354917,0.8349834509564501,2.5289803736520926,0.9558951701317862,0.8671400089699552,True,False,1.0955883212293047,2.00576413489599,1.979094261904232,2.683082401978443,2.0427047561707568,2.7398348401739443,1.2500000784271652,1.771200429324461,4.132507266348458,97.0,99.0,99.0,99.0,99.0,98.0,98.0,99.0,98.0,98.0,97.0,92.3076923076923,59.0,False,tight; NR7; volDry=2.53; 50SMA=+95.6%; 252H=0.87x; prior=4.5x,MX
2026-06-04,94.20999908447266,97.6999969482422,85.37999725341797,88.12999725341797,3558864.0,0.030856764565682,92.60072687882652,87.94867739827613,90.42520050048827,84.21266695658366,59.15660015106201,38.56040002822876,27.45390002250672,32.91999816894531,106.27999877929688,15.859999656677246,106.27999877929688,14.699999809265137,106.27999877929688,14.699999809265137,106.27999877929688,12.770000457763672,106.27999877929688,11.630000114440918,106.27999877929688,5997391.6,4990937.28,2031190.3333333333,499752708.81849366,0.1330762522911777,11.549285343715123,0.1225908656825221,4.833578958368292,0.2441709258104704,15.304031416802207,15.715010130660035,102.0,90.0,5511900.0,False,False,True,0.1307716783202342,0.2347945582437993,0.2784205071907509,0.8433091391609934,1.075011786162939,0.5925526288511926,0.886432067807142,False,False,0.1534035104368492,1.1039646341129905,4.748017241780596,5.176876779263846,4.678722014344089,5.113463733544556,6.818257061681201,6.154533236238287,2.9526487506258645,95.0,87.0,87.0,99.0,99.0,99.0,99.0,99.0,99.0,99.0,99.0,57.692307692307686,40.0,False,volDry=1.08; 50SMA=+59.3%; 252H=0.89x; prior=9.1x; blind=RS,MXL
2026-06-04,2.2300000190734863,2.359999895095825,2.190000057220459,2.25,6689919.0,-0.0088888804117838,2.2245019668717485,2.160346987820355,2.1420000123977663,2.1183333436648053,1.9448000001907348,1.8403999996185303,1.7380500003695487,1.840000033378601,2.430000066757202,1.0800000429153442,2.430000066757202,1.0800000429153442,2.609999895095825,1.0800000429153442,2.6600000858306885,1.0800000429153442,2.6600000858306885,0.7300000190734863,2.9800000190734863,8247512.975,8139352.38,11586232.615079366,15384832.33127966,0.0707970534827449,0.1521428908620561,0.0682255110137927,2.1494522751497853,-0.1314552445611613,-3.506450449943485,-3.0236124283708805,2.369999885559082,2.2100000381469727,6588100.0,False,True,True,0.0762331105028408,0.210762342865586,0.2645740037364361,0.7966101729160954,0.9136736625721568,0.1466474798718535,0.7483221492618705,False,False,0.0669856988773223,1.021250989793471,0.6893938867130687,1.5215305757235258,0.218579216818437,1.097282208199784,0.7559055532005723,1.3822491383449675,0.7118373373814318,20.0,76.0,76.0,95.0,95.0,75.0,75.0,74.0,94.0,92.0,90.0,73.07692307692307,68.0,False,tight; volDry=0.91; 50SMA=+14.7%; 252H=0.75x; prior=4.1x; blind=1m/VARS,NAK
2026-06-04,22.26000022888184,23.5,21.500999450683597,22.18000030517578,2859538.0,0.004512652624472,21.169153569594183,19.91083991093573,19.382799911499024,18.828666559855144,16.602199935913085,13.917249965667724,14.617483203043074,14.529999732971191,23.530000686645508,8.104999542236328,23.530000686645508,8.104999542236328,23.530000686645508,8.104999542236328,23.530000686645508,8.104999542236328,23.530000686645508,8.104999542236328,23.530000686645508,3111643.45,3796548.76,2600147.9060402685,68605054.69001178,0.0592137447066449,1.1735001972743444,0.0527178879248956,6.464336741214132,0.0852154790446517,-2.3006783643156288,-3.454152595550467,22.81800079345703,21.96999931335449,2557600.0,False,True,False,0.0898023597826719,0.2385445336339849,0.2924528374638227,0.8156683850383007,0.9027788174647334,0.3407861798321119,0.9460263314618405,False,False,0.1987076249164443,1.1473268570581383,1.014479623950257,1.8143148061082868,0.4115408739841282,1.2710365200659173,0.0,0.0,1.1967178646920442,71.0,89.0,89.0,97.0,97.0,85.0,85.0,92.0,97.0,96.0,95.0,92.3076923076923,60.0,False,tight; volDry=0.90; 50SMA=+34.1%; 252H=0.95x; prior=2.9x; blind=VARS,NAVN
2026-06-04,259.6700134277344,264.4700012207031,234.69009399414065,239.75,11836972.0,0.031746745806076,237.8198194141264,218.3647938221498,205.9979998779297,195.8616668701172,170.3672003173828,135.14670066833497,116.35457557678222,132.6999969482422,278.8399963378906,89.65299987792969,278.8399963378906,73.5199966430664,278.8399963378906,73.5199966430664,278.8399963378906,73.5199966430664,278.8399963378906,37.119998931884766,278.8399963378906,17638569.3,17044179.44,16425484.80952381,4013988767.8887534,0.0944771397179167,22.38413565499442,0.0862022355200589,6.080798668223491,0.3569501576966348,5.790781135609327,4.895909206787752,267.4599914550781,247.50999450683597,11532600.0,False,False,False,0.1146836588232017,0.3101243679093821,0.4104825001965597,0.7555117885923978,0.9993251514371524,0.524178438948262,0.931250956957672,False,False,0.4760687592684003,1.4127993308553175,1.7147936151101733,2.4450434707123416,1.6922760149705418,2.424287670442316,5.967266172212853,5.484633069020878,1.073853801245052,61.0,96.0,96.0,98.0,98.0,97.0,97.0,96.0,97.0,98.0,97.0,92.3076923076923,44.0,False,volDry=1.00; 50SMA=+52.4%; 252H=0.93x; prior=7.5x,NBIS
2026-06-04,15.050000190734863,15.5600004196167,14.93000030517578,15.5,694112.0,-0.0480708544408919,15.174191024899216,14.891120246889088,14.910400009155271,14.823666699727376,13.784200038909912,12.86159999847412,9.538634989261627,12.449999809265137,16.889999389648438,8.859999656677246,16.889999389648438,8.859999656677246,16.889999389648438,7.570000171661377,16.889999389648438,5.050000190734863,16.889999389648438,4.438000202178955,16.889999389648438,1535480.3,1306284.24,529321.873015873,17762578.59235897,0.0792510667282053,0.9567857469831196,0.0635738029805567,1.4444595504814042,-0.7943264532088025,3.760423306930244,6.757567678067452,16.200000762939453,15.40999984741211,1260100.0,False,False,True,0.0418604721898117,0.1800664454353504,0.2591362473606826,0.6948717027021013,0.6905703769341962,0.0918297868756883,0.8910598421903274,True,True,-0.0587867163126023,0.90086961670049,0.3178634054456974,1.1869164922302824,1.17171725303533,1.9555451710540952,2.103995287282054,2.4434655972537764,2.900844227825732,95.0,28.0,28.0,87.0,87.0,96.0,96.0,74.0,89.0,86.0,89.0,50.0,86.0,False,NR20; volDry=0.69; 50SMA=+9.2%; 252H=0.89x; prior=3.8x; blind=1m/RS,NEXA
2026-06-04,8.65999984741211,8.885000228881836,8.25,8.349900245666504,2268441.0,0.0260663836453434,8.361718951442505,8.272632111085683,8.287999992370606,8.134999990463257,7.944799995422363,6.738299999237061,6.729400002956391,6.980000019073486,9.239999771118164,5.510000228881836,9.239999771118164,4.75,9.239999771118164,4.75,9.239999771118164,4.75,9.239999771118164,4.75,12.119999885559082,3223661.025,3999850.82,3677454.130952381,24165935.02445879,0.0530356512427931,0.4219284738813127,0.0487215336392181,1.8476661263457324,0.5214160234435707,2.497119261184457,-0.2682279637397973,8.6850004196167,8.220000267028809,2211300.0,False,False,False,0.0733256628256864,0.1241339293540959,0.2528867920289565,0.490867586868207,0.6187015994761526,0.0900211273287974,0.7145214463021947,False,False,0.0975918877004355,1.0505452911719229,0.5802919374581081,1.4232693277291717,0.4879724384853456,1.339860109631991,0.053527927748151,0.8293373568401142,0.8766012872511727,36.0,81.0,81.0,93.0,93.0,87.0,87.0,78.0,85.0,89.0,87.0,69.23076923076923,63.0,False,volDry=0.62; 50SMA=+9.0%; 252H=0.71x; prior=2.6x; blind=1m/RS,NEXT
2026-06-04,23.59000015258789,24.420000076293945,21.170000076293945,21.46999931335449,5828645.0,0.093648608546266,21.59717030640733,21.124874926309005,20.86979995727539,20.30949993133545,19.241399974823,17.715700025558473,16.312150044441225,15.329999923706056,24.420000076293945,13.779999732971191,24.420000076293945,13.109999656677246,24.420000076293945,13.109999656677246,24.420000076293945,10.869999885559082,24.420000076293945,10.869999885559082,24.420000076293945,3053813.625,2779874.9,1606351.765873016,60148727.49965,0.0777889325226504,1.9673570905412947,0.0833979261473412,2.7099268042047844,1.0267584199510489,1.0504070035252615,-2.187628270323464,23.15999984741211,20.600000381469727,3718500.0,False,False,False,0.1377702407366651,0.2293344558040885,0.2293344558040885,1.0,1.064110654763637,0.2260022754817712,0.9660114692418944,False,False,0.254787293080565,1.2010027560698668,0.424516963367272,1.2829726284952867,0.7231556519834024,1.5516332568160032,1.028374885680035,1.59673704138661,1.9010864804822631,90.0,92.0,92.0,90.0,90.0,92.0,92.0,92.0,89.0,88.0,86.0,96.15384615384616,34.0,False,volDry=1.06; 50SMA=+22.6%; 252H=0.97x; prior=2.2x; blind=VARS,NN
2026-06-04,16.6200008392334,16.68000030517578,15.524999618530272,15.78499984741211,123315530.0,-0.0065749375978898,15.809074934711834,14.844322426317015,14.429200019836426,13.868000030517578,12.043200025558471,9.701100010871889,7.709050004482269,10.100000381469728,17.450000762939453,7.730000019073486,17.450000762939453,6.059999942779541,17.450000762939453,6.059999942779541,17.450000762939453,5.860000133514404,17.450000762939453,4.0,17.450000762939453,116716680.75,107005510.6,49914596.94444445,1825108470.88461,0.0638307212551929,1.0024999209812708,0.0603188850998584,6.3003809062549285,-0.1097244006715335,13.024233604306838,11.525114575407413,17.450000762939453,16.40999984741211,148764200.0,False,False,False,0.0694946226427978,0.2304452878449452,0.3200962924105316,0.7199248891936345,1.2319705056386134,0.3800319519697333,0.9524355365376934,False,False,0.2384501300109651,1.185365860493102,1.1171975848592477,1.906826398240944,1.6849758781256616,2.417714187022645,2.1470810060317445,2.477382682092525,2.338327621475279,93.0,91.0,91.0,97.0,97.0,97.0,97.0,94.0,94.0,96.0,95.0,92.3076923076923,37.0,False,volDry=1.23; 50SMA=+38.0%; 252H=0.95x; prior=4.4x,NOK
2026-06-04,119.36000061035156,124.79000091552734,119.36000061035156,121.94000244140624,25491628.0,0.0123833678165998,115.3950703236967,108.48652372554528,101.46640075683594,99.38133366902667,98.86860046386718,107.2143002319336,140.50352996826172,83.58000183105469,139.1999969482422,81.23999786376953,139.1999969482422,81.23999786376953,139.1999969482422,81.23999786376953,175.0,81.23999786376953,192.96600341796875,81.23999786376953,211.47799682617188,32673785.7,29138162.56,14529368.76190476,3759876157.603536,0.0569155966719723,8.639999389648438,0.0723860534975494,2.8632439261523785,0.1689813874549433,-11.08405778484178,-15.660006892006296,128.0800018310547,117.33999633789062,34316400.0,True,False,True,0.0454926296699839,0.3442526485235881,0.4504020964471541,0.7643229266451238,1.3030101922802917,0.2072589280149994,0.5644086023212224,True,False,0.2972502753953483,1.241645627632423,-0.0084731406075642,0.893005737194871,-0.2760620376233398,0.6518773954066792,-0.409623280521994,0.4647446500240024,2.2488097201902497,93.0,93.0,93.0,43.0,43.0,18.0,18.0,89.0,82.0,77.0,74.0,88.46153846153845,58.0,False,inside; NR7; volDry=1.30; 50SMA=+20.7%; 252H=0.56x; prior=2.6x; blind=VARS,NOW
2026-06-04,6.489999771118164,6.644999980926514,5.559999942779541,5.630000114440918,6709194.0,0.1075084681313705,5.599213974605871,5.284820245004592,5.157600059509277,5.021000035603842,4.390600023269653,4.223600020408631,3.8321000027656553,3.75,6.644999980926514,2.950000047683716,6.644999980926514,2.8499999046325684,6.644999980926514,2.8499999046325684,6.644999980926514,2.8499999046325684,6.644999980926514,0.6539999842643738,6.644999980926514,4773214.85,4438331.88,3335116.246031746,29467912.884590723,0.1117487250015265,0.5598571300506592,0.0862645839437681,5.542921566713545,1.125286441465439,-1.245786187902719,-2.4731474734431407,6.25,5.679999828338623,6682500.0,False,False,False,0.1671802891234983,0.2996918706094611,0.4175655059661221,0.7177122303626673,1.0938229792766196,0.4781578227854837,0.9766741594803228,False,False,0.2902583499823437,1.2349534004019114,0.943113753861364,1.7500400657665716,0.943113753861364,1.7496967954099358,6.054347449332652,5.55318346459621,1.4311989441685462,83.0,93.0,93.0,96.0,96.0,94.0,94.0,95.0,95.0,94.0,93.0,100.0,41.0,False,volDry=1.09; 50SMA=+47.8%; 252H=0.98x; prior=10.2x; blind=VARS,NRGV
2026-06-04,33.470001220703125,34.790000915527344,33.279998779296875,33.70000076293945,522314.0,-0.0038689660512364,33.66608235468955,32.75784771406964,31.95680000305176,32.33366667429606,30.59060001373291,30.675281944274904,36.387860527038576,27.68000030517578,37.70000076293945,18.56999969482422,37.70000076293945,18.56999969482422,44.69051921488234,18.56999969482422,46.82049033727395,18.56999969482422,46.82049033727395,18.56999969482422,60.641447592959786,782730.35,810124.28,859056.0079365079,20992810.76535034,0.0605118790523975,1.953571319580078,0.0583678293495753,1.6126519436113111,-0.0665433875462052,-8.75033754676644,-5.51027330378256,35.2400016784668,33.22999954223633,1034600.0,True,True,True,0.04511509056344,0.219599587871383,0.2781594627739356,0.7894737273412659,0.8570307261991951,0.094126993444966,0.5519327547284483,False,False,0.1710987162369093,1.120901361996902,0.5720997078414789,1.415891102945074,0.0108501560465279,0.9102304356394536,-0.4397543183140959,0.4410254921514975,0.9111517092816268,41.0,88.0,88.0,93.0,93.0,46.0,46.0,74.0,91.0,88.0,86.0,65.38461538461539,90.0,True,inside; tight; volDry=0.86; 50SMA=+9.4%; 252H=0.55x; prior=3.3x; blind=RS/VARS,NSP
2026-06-04,178.8699951171875,180.0,174.8000030517578,180.0,3226591.0,-0.0122045874283185,161.0622300962385,145.3255909535179,132.80839935302734,128.75633290608724,118.11622299194336,109.21201683044434,111.4624042892456,106.3000030517578,192.8300018310547,94.88999938964844,192.8300018310547,93.97862992718514,192.8300018310547,93.21255900816844,192.8300018310547,93.21255900816844,192.8300018310547,93.21255900816844,192.8300018310547,3119499.775,2887185.82,2265990.4404761903,630953696.6882584,0.0491083943583636,10.12142835344587,0.0565853895552172,9.089905887381471,-0.218349291887719,6.415189365485695,0.4347641833402154,182.8600006103516,175.63999938964844,3434000.0,False,True,False,0.0290713763637964,0.4141555534930318,0.4581540046666116,0.9039658046739184,2.0802710578566086,0.5143558656577438,0.9276045917061284,True,False,0.5671105315724185,1.499938736918454,0.7607108917253036,1.585761306371111,0.5597293045464891,1.40447431883428,0.7589266764022833,1.384627367022921,1.3766606068931375,81.0,97.0,97.0,95.0,95.0,89.0,89.0,94.0,92.0,90.0,88.0,92.3076923076923,59.0,False,tight; NR7; volDry=2.08; 50SMA=+51.4%; 252H=0.93x; prior=2.1x,NTAP
2026-06-04,54.970001220703125,55.97999954223633,52.650001525878906,53.2400016784668,4611241.0,0.0363876371014688,51.49851609008979,48.834227291686034,47.103200073242185,46.045000076293945,43.14720001220703,42.2313000869751,53.20895013809204,38.18000030517578,56.02000045776367,34.0099983215332,56.02000045776367,34.0099983215332,56.02000045776367,34.0099983215332,56.02000045776367,34.0099983215332,72.54000091552734,34.0099983215332,82.41999816894531,3962051.025,3819324.82,3929457.305555556,234139231.3685791,0.0463200996969068,2.7387142181396484,0.0498219784850246,5.499798769786231,0.7047103682423609,-8.083164439932172,-9.572708076431873,54.81999969482422,52.32899856567383,4122400.0,False,False,False,0.060578459931037,0.2159359408457538,0.2259414536626367,0.9557163475108796,1.5214453794479832,0.2740108559802545,0.6669497991012459,False,False,0.2657149628007731,1.2114620279510562,0.360980491492441,1.225749333565978,0.1803736650402529,1.0628796255510242,-0.2927174426489822,0.5567729446967563,1.0082947127071116,53.0,92.0,92.0,88.0,88.0,71.0,71.0,89.0,87.0,83.0,80.0,92.3076923076923,26.0,False,volDry=1.52; 50SMA=+27.4%; 252H=0.67x; prior=2.4x; blind=VARS,NTNX
2026-06-04,6.019999980926514,6.21999979019165,5.360000133514404,5.590000152587891,8061915.0,0.044232457995939,5.246027436547087,4.935591327559338,4.738800029754639,4.619000021616618,4.517200007438659,4.905700008869172,3.954705009609461,3.5199999809265137,6.329999923706055,3.5199999809265137,6.340000152587891,3.5199999809265137,8.380000114440918,2.009999990463257,9.44499969482422,2.009999990463257,9.44499969482422,0.3210000097751617,9.44499969482422,7208212.875,6490474.3,11528484.98015873,38324480.61231196,0.1272481903671831,0.6214999982288906,0.1032392026907013,3.222457636532954,0.4102978522407085,0.1897875801672253,-1.6848147085852718,6.190000057220459,5.610000133514404,7781600.0,False,False,False,0.1428570862794067,0.3878737617184514,0.4102990093747611,0.9453441340487692,1.2765972280330884,0.332683957100224,0.637374290676306,False,False,0.4131454595030954,1.352573142037601,0.2781316204181872,1.1511325781159425,0.3759999956403459,1.2390333700595964,8.852700436713768,7.75604739343463,0.6252523976399156,16.0,95.0,95.0,85.0,85.0,84.0,84.0,95.0,89.0,86.0,96.0,100.0,34.0,False,volDry=1.28; 50SMA=+33.3%; 252H=0.64x; prior=29.4x; blind=VARS,NUAI
2026-06-04,10.1899995803833,10.585000038146973,10.100000381469728,10.18000030517578,5234985.0,-0.0009804146145916,10.139440735260184,9.782779186842967,9.471999950408936,9.237666606903076,8.902599964141846,9.110699944496156,8.410499982833862,7.710000038146973,11.609999656677246,7.570000171661377,11.609999656677246,7.570000171661377,11.970000267028809,6.360000133514404,11.970000267028809,6.199999809265137,11.970000267028809,6.130000114440918,11.970000267028809,4934629.625,4672357.7,5089503.511904762,61312791.23960328,0.0732783938836851,0.643214293888637,0.063122111911259,2.2909467544164626,-0.0155472740218166,0.3268457525864736,1.0286356862558916,10.31999969482422,9.9399995803833,3090600.0,False,True,True,0.0475956503090457,0.2639842680231117,0.2914621624785949,0.9057239738365652,1.2498847209407788,0.1446093974150115,0.8512948498799542,False,False,0.2580245803067911,1.2041012819334354,0.0200200013861213,0.9186677140037096,0.543939352670429,1.3902560940173758,0.4035811651692929,1.1048993225268695,0.9695699420302,48.0,92.0,92.0,55.0,54.0,89.0,89.0,84.0,74.0,69.0,80.0,73.07692307692307,49.0,False,tight; volDry=1.25; 50SMA=+14.5%; 252H=0.85x; prior=2.0x; blind=VARS,NVAX
2026-06-04,30.670000076293945,31.549999237060547,28.20009994506836,28.76499938964844,40098749.0,-0.0055123241067714,27.360872953724684,24.683247578797417,22.741200065612794,21.774000040690105,17.229899997711183,13.217800011634829,10.91757499694824,14.140000343322754,34.16999816894531,7.659999847412109,34.16999816894531,7.349999904632568,34.16999816894531,7.105000019073486,34.16999816894531,6.849999904632568,34.16999816894531,5.440000057220459,34.16999816894531,38455608.725,34473182.98,31412141.06746032,1010119611.1604058,0.1388355488380139,3.6042070388793945,0.1175157166584172,6.637794338568257,-0.0471671228817091,5.278086051248099,5.978853982401883,34.16999816894531,29.700000762939453,112299100.0,False,False,False,0.1092239740351829,0.3870231138688375,0.6266709589784472,0.6175858452093169,1.2259469897084625,0.7800451587280335,0.8975710190165516,False,False,0.7475784278968931,1.6726711530522766,2.422991065370223,3.0828722699609328,2.686298221305635,3.31936520542173,4.163299626405315,4.064550309443895,1.2242275571860326,73.0,98.0,98.0,99.0,99.0,99.0,99.0,97.0,99.0,98.0,98.0,92.3076923076923,37.0,False,volDry=1.23; 50SMA=+78.0%; 252H=0.90x; prior=6.3x,NVTS
2026-06-04,322.2200012207031,328.20001220703125,315.010009765625,321.7149963378906,3247081.0,0.001056282877883,317.97616261023444,306.4835168144677,305.97440063476563,296.36900024414064,259.735599975586,240.6192282104492,229.03765464782717,228.41000366210935,339.95001220703125,184.67999267578125,339.95001220703125,184.67999267578125,339.95001220703125,184.67999267578125,339.95001220703125,181.2456912706042,339.95001220703125,181.2456912706042,339.95001220703125,3746959.525,3590843.62,2878013.8134920634,1167199165.287178,0.0408760977503868,13.82928684779576,0.0429187722531335,5.605222330452026,0.0245852401235582,0.9357218052788374,1.7032037897312104,327.4800109863281,318.7099914550781,2844700.0,False,True,True,0.0409347724890976,0.1318043605605149,0.171218463219935,0.7698022636215842,0.9662960761293192,0.2405692606288487,0.9478452409187428,False,False,0.102172035209779,1.0549291176676656,0.5380959536303294,1.3852660650965507,0.5107445097372756,1.3603654557627414,0.6503934268152034,1.2991899752166978,1.301925483274034,77.0,81.0,81.0,92.0,92.0,88.0,88.0,89.0,90.0,87.0,85.0,80.76923076923077,61.0,False,tight; volDry=0.97; 50SMA=+24.1%; 252H=0.95x; prior=1.9x; blind=VARS,NXPI
2026-06-04,0.6901000142097473,0.7300000190734863,0.5600000023841858,0.5600000023841858,10126398.0,0.2301248255156334,0.6350051094445952,0.5834471111811953,0.5138039994239807,0.4947699993848801,0.4544820004701614,0.6147109988331795,1.1616554988920689,0.2750000059604645,1.090000033378601,0.2750000059604645,1.090000033378601,0.2750000059604645,1.090000033378601,0.2750000059604645,2.015000104904175,0.2750000059604645,2.220000028610229,0.2750000059604645,3.240000009536743,25354277.45,20598881.96,5165961.103174604,31213758.924188573,0.274091496203837,0.1981428521020072,0.2871219359833025,1.8056161436184583,0.6515502493811989,-11.761588518273832,-13.574533224524076,0.6209999918937683,0.5419999957084656,3602300.0,False,False,True,0.2463411290955736,0.6926532029787293,1.1809882779837584,0.5865030296162306,0.7660789469371764,0.5184320027984366,0.2129938309192839,False,False,0.9945087926760016,1.909017225643566,0.1617845711465746,1.046346125261898,-0.4389430865785073,0.505209477059888,-0.7729934135298153,0.1786996219558074,4.907949739385224,98.0,98.0,98.0,77.0,77.0,10.0,10.0,98.0,96.0,95.0,94.0,76.92307692307693,60.0,False,volDry=0.77; 50SMA=+51.8%; 252H=0.21x; prior=11.8x; blind=VARS,NXXT
2026-06-04,123.4800033569336,125.29499816894533,120.71520233154295,122.75,3960949.0,-0.0093862667839791,114.04494323667214,102.4157978954649,92.6963998413086,89.93100001017253,83.64129989624024,83.17720008850098,85.94737499237061,72.98999786376953,142.35000610351562,62.65999984741211,142.35000610351562,62.65999984741211,142.35000610351562,62.65999984741211,142.35000610351562,62.65999984741211,142.35000610351562,62.65999984741211,142.35000610351562,4313418.725,4220146.98,3310327.972222222,518825141.3334194,0.0600131234183483,8.452842712402344,0.0684551545400302,6.957901351255683,-0.1384147568756538,-0.8654533222831517,-4.007387619542695,132.73500061035156,124.1999969482422,6149700.0,False,True,False,0.037089372472431,0.445821198211578,0.5255912487115202,0.8482279705084562,1.6051869596257522,0.4763042122744931,0.8674393962943708,False,False,0.588167245748342,1.5200928872660986,0.550282498322539,1.3962417176707969,0.5082447687115623,1.358114538206652,0.1921220426153016,0.9384386667059073,1.3030185411218946,77.0,97.0,97.0,93.0,93.0,88.0,88.0,95.0,93.0,91.0,89.0,88.46153846153845,58.0,False,tight; volDry=1.61; 50SMA=+47.6%; 252H=0.87x; prior=2.3x; blind=VARS,OKTA
2026-06-04,131.82000732421875,134.48500061035156,124.93000030517578,127.77999877929688,10079151.0,-0.0157543901064071,124.2162043433303,116.92743954254598,113.58919921875,110.87033284505208,94.4619995880127,78.89479976654053,65.13554998397827,92.44000244140624,134.9199981689453,55.02999877929688,134.9199981689453,54.9900016784668,134.9199981689453,53.09999847412109,134.9199981689453,44.560001373291016,134.9199981689453,44.560001373291016,134.9199981689453,12117668.775,11208167.02,9430287.900793651,1368733415.105252,0.055693822244756,7.443214961460659,0.0564649867083807,7.0040194412610886,-0.2834776857161245,9.41514636442662,10.206022251951795,134.9199981689453,126.1500015258789,10113600.0,False,False,False,0.0724852053882436,0.2115004984398577,0.2750720110161459,0.7688913810552805,0.9656418467611309,0.3954818646560474,0.9770234888319166,False,False,0.2839194475031215,1.2288862052765022,1.1663107745233634,1.951059552115232,1.5606062256482374,2.305724252334796,1.782774124900616,2.1906002457486244,1.2849733648089556,76.0,93.0,93.0,97.0,97.0,97.0,97.0,89.0,96.0,95.0,94.0,96.15384615384616,44.0,False,volDry=0.97; 50SMA=+39.5%; 252H=0.98x; prior=3.0x,ON
2026-06-04,11.970000267028809,12.420000076293944,11.0600004196167,11.489999771118164,60279747.0,0.0310078054261195,11.783186334015763,11.100660288988502,10.397800025939942,10.398499997456868,10.092700004577637,10.460050010681153,9.076000007390975,8.649999618530273,14.15999984741211,7.78000020980835,14.15999984741211,7.78000020980835,14.15999984741211,7.28000020980835,15.279999732971191,4.949999809265137,15.279999732971191,1.3600000143051147,15.279999732971191,71535336.175,70202134.94,68778135.10714285,1006759856.7582695,0.1066091414251069,1.2874998365129744,0.1075605520293407,1.7293119951679483,0.2796121600501148,-6.983361689188911,-4.826718496053171,13.0,11.529999732971191,95129000.0,False,False,True,0.1136173455587419,0.4327485538529198,0.460317469169909,0.9401089092562482,1.450323338271969,0.1860057528312251,0.7833769945165598,False,False,0.2829582384684623,1.2279661969960942,0.1410867996380218,1.0277049472351,0.4832714646452709,1.335627069313616,7.429577907596512,6.635765106015416,1.0400883371374052,58.0,93.0,93.0,75.0,75.0,87.0,87.0,87.0,84.0,81.0,82.0,84.61538461538461,41.0,False,volDry=1.45; 50SMA=+18.6%; 252H=0.78x; prior=11.2x; blind=VARS,ONDS
2026-06-04,236.33999633789065,238.9499969482422,224.3076019287109,227.0,16815742.0,0.026092972947763,220.5898739167872,206.9638019371232,198.1359997558594,193.52366689046224,178.06227630615234,169.13217697143554,205.8890422058105,160.3300018310547,250.25,134.57000732421875,250.25,134.57000732421875,250.25,134.57000732421875,250.25,134.57000732421875,279.8999679283885,134.57000732421875,343.01319851338906,27656448.55,25893256.84,24169837.468253966,4517828599.016934,0.0505767629501738,11.507313319614957,0.0486896568415071,6.721928955319988,0.5222760812979269,-2.8858170784675994,-5.381060506152201,240.50999450683597,227.6100006103516,23644700.0,False,False,False,0.0619547907523756,0.2667766947140698,0.3023186851796829,0.8824353498213687,0.9019527494865724,0.3272884141475209,0.689011377294467,False,False,0.2751010982211554,1.2204458410410413,0.5321755542827635,1.379933934621436,0.1824582337535627,1.0647566969217774,0.4113229285083482,1.11099363989216,1.144254634989811,67.0,92.0,92.0,92.0,92.0,71.0,71.0,90.0,90.0,87.0,85.0,92.3076923076923,38.0,False,volDry=0.90; 50SMA=+32.7%; 252H=0.69x; prior=2.5x; blind=VARS,ORCL
2026-06-04,62.27999877929688,63.58000183105469,57.459999084472656,57.459999084472656,1477697.0,0.0888111529475506,58.78880117550873,60.026795761723776,61.731199951171874,63.28433303833008,61.40559982299805,47.980599842071534,36.0778999376297,53.619998931884766,91.0,31.31999969482422,91.0,31.0,91.0,25.229999542236328,91.0,25.229999542236328,91.0,10.770000457763672,91.0,1816894.925,1706645.94,671095.623015873,77788829.95479889,0.0583777048151483,3.4907142094203403,0.0560487199396144,0.254059801294191,1.455289007231845,5.5561135198468925,4.40797587052141,58.47999954223633,54.52999877929688,830000.0,False,False,False,0.0982659419803399,0.1599229783941618,0.2662170575036836,0.6007240103010643,0.6279039341927007,0.0142397266506522,0.6843955909812843,False,False,-0.0967367434976421,0.8645462593525982,0.8776003080279084,1.6910362350195862,1.2378727614097382,2.015115580028554,4.216080483086378,4.106099408446132,2.7073562435632605,95.0,20.0,20.0,96.0,96.0,96.0,96.0,66.0,93.0,91.0,94.0,46.15384615384615,78.0,False,volDry=0.63; 50SMA=+1.4%; 252H=0.68x; prior=8.4x; blind=1m/RS,ORKA
2026-06-04,23.600000381469727,23.920000076293945,21.905000686645508,22.25,9573326.0,0.1512195308034012,22.239095299199622,21.72043447831869,21.83879981994629,21.078666559855144,18.19419998168945,16.123699979782103,16.798999977111816,15.9399995803833,25.57999992370605,10.6899995803833,25.57999992370605,10.6899995803833,25.57999992370605,10.6899995803833,25.57999992370605,10.6899995803833,25.57999992370605,10.6899995803833,25.57999992370605,7428648.15,7393432.52,14926892.563492063,191347970.0058195,0.0680012967191994,1.5372141429356163,0.0651361914444123,4.561468505226474,2.0166353501989374,0.0926482079756834,1.361223457165211,21.309999465942383,20.09000015258789,6681200.0,False,False,False,0.0853813286897476,0.1622881297372053,0.2690678084249366,0.6031495580508279,0.9166273691776388,0.297116685824089,0.922595795616036,False,False,0.3154960802073034,1.259109353944213,0.6400277844621871,1.477069639425745,0.4005934627409924,1.2611788108442696,0.6561403776469983,1.3037139758503764,0.4976687624970826,11.0,94.0,94.0,94.0,94.0,85.0,85.0,91.0,95.0,94.0,92.0,76.92307692307693,41.0,False,volDry=0.92; 50SMA=+29.7%; 252H=0.92x; prior=2.4x; blind=VARS,OSCR
2026-06-04,18.899999618530277,19.5049991607666,17.790000915527344,18.1299991607666,1147434.0,-0.0063091922368706,18.18203220301856,16.71834457810168,15.82199996948242,14.76833330790202,12.290699977874755,10.983249979019163,8.493874988555909,8.5600004196167,20.8799991607666,6.880000114440918,20.8799991607666,6.880000114440918,20.8799991607666,6.369999885559082,20.8799991607666,4.170000076293945,20.8799991607666,2.940000057220459,20.8799991607666,1898225.85,1792708.68,1276223.9444444445,29893426.91410656,0.1004152312941273,1.49364253452846,0.0790287071256888,6.804464411671539,-0.0803410698740461,3.468030845266936,3.5384993147780874,19.790000915527344,18.5,1443700.0,False,False,True,0.0907406497277285,0.2899470715789607,0.3486772133292791,0.8315630058255181,0.8172624009384503,0.5377480251371627,0.9051724319052304,False,False,0.9344932172967816,1.8515741260560616,1.2287736602337134,2.0073159356642054,2.1136736547006203,2.803739515895948,5.823104602408183,5.371149057718704,1.487376771344249,84.0,98.0,98.0,97.0,97.0,98.0,98.0,97.0,97.0,96.0,96.0,88.46153846153845,53.0,False,volDry=0.82; 50SMA=+53.8%; 252H=0.91x; prior=7.1x,OSS
2026-06-04,0.7947999835014343,0.8889999985694885,0.7900000214576721,0.7900000214576721,10848437.0,-0.0187654553555692,0.6604735198012848,0.5248514788567521,0.3983520025014877,0.3787933354576429,0.3259760013222694,0.3810880011320114,0.9232840019464492,0.2070000022649765,0.9430000185966492,0.1609999984502792,0.9430000185966492,0.1609999984502792,0.9430000185966492,0.1609999984502792,2.5380001068115234,0.1609999984502792,2.5380001068115234,0.1609999984502792,3.390000104904175,20429018.425,17381182.74,6528644.194444444,18965811.070447408,0.1844870149152044,0.110214278101921,0.138669200289084,10.371562300077525,-0.1379133370423675,-2.0508862816507474,-9.298164765264357,0.8240000009536743,0.7350000143051147,11054900.0,False,True,False,0.124559611432903,0.8605938971531882,0.9260191640785866,0.92934782619699,3.9404967270944193,1.438216249900163,0.2344542651640717,False,False,2.2842974702815733,3.1435210854563564,0.839814728900629,1.6570051458723216,-0.5656830793100688,0.391085145073654,-0.5703783928332664,0.3381981993497144,3.129136435767796,96.0,99.0,99.0,96.0,96.0,7.0,7.0,99.0,99.0,99.0,98.0,88.46153846153845,56.0,False,tight; volDry=3.94; 50SMA=+143.8%; 252H=0.23x; prior=21.1x; blind=VARS,OTLK
2026-06-04,47.09000015258789,48.82989883422852,40.43999862670898,41.5,5063357.0,0.0712011176820246,42.55209939680402,38.25441007685797,34.71299995422363,33.36816660563151,28.6328999710083,25.134449920654298,26.265725011825563,23.600000381469727,49.38999938964844,16.399999618530273,49.38999938964844,16.399999618530273,49.38999938964844,16.399999618530273,49.38999938964844,16.399999618530273,49.38999938964844,12.859999656677246,49.38999938964844,4290518.925,3759299.14,2867886.734126984,214646585.8182291,0.1336495252508522,4.713779040745327,0.1001014870560852,6.439580909890138,0.6640109858904903,-0.9656866504676388,-0.2606063602930227,46.06999969482422,42.5099983215332,3192300.0,False,False,False,0.1781673429673678,0.3952006507262708,0.5476746426971797,0.7215974958781965,1.3869488715388585,0.644611625097981,0.9534318836711184,False,False,0.6465034798775056,1.5759286279961922,1.2233238656318837,2.002407649217029,1.137539658867721,1.9247696043272104,2.5194319693438616,2.7704974212434763,1.4960559194838914,84.0,97.0,97.0,97.0,97.0,96.0,96.0,97.0,97.0,97.0,96.0,100.0,41.0,False,volDry=1.39; 50SMA=+64.5%; 252H=0.95x; prior=3.8x; blind=VARS,OUST
2026-06-04,279.25,280.7200012207031,269.0,269.7900085449219,9668373.0,-0.0042077976914027,271.5148034679742,251.78536499616328,236.1991998291016,226.73866628011064,201.48760009765624,184.29850021362304,191.6774501800537,169.60000610351562,302.95001220703125,143.5,302.95001220703125,139.57000732421875,302.95001220703125,139.57000732421875,302.95001220703125,139.57000732421875,302.95001220703125,139.57000732421875,302.95001220703125,8643606.825,8545981.46,7799668.543650794,2634363112.2116423,0.0536964566217603,14.683573041643417,0.0525821774096451,7.339775308763002,-0.0803614128819141,1.7528590828988817,-0.7374468297325293,288.0,275.8500061035156,14716900.0,False,False,False,0.0419695656963406,0.2218442693179274,0.4017189182974765,0.5522375452421431,1.2634870963083038,0.3859413674323093,0.9217692317145872,False,False,0.5178280600329443,1.452768683100382,0.7115101356476017,1.541449286948222,0.4706656457710945,1.3242760298575706,0.4166497915850005,1.11518694737636,1.1082018135291405,64.0,96.0,96.0,95.0,95.0,87.0,87.0,94.0,93.0,91.0,90.0,84.61538461538461,29.0,False,volDry=1.26; 50SMA=+38.6%; 252H=0.92x; prior=2.2x; blind=VARS,PANW
2026-06-04,8.029999732971191,9.800000190734863,6.170000076293945,6.170000076293945,423218.0,0.301458611617144,7.009756236596592,5.6407756983400485,4.151800003051758,3.815733337402344,3.201879997253418,3.8788100028038026,7.61105501294136,1.350000023841858,14.100000381469728,1.350000023841858,14.100000381469728,1.350000023841858,14.100000381469728,1.350000023841858,14.699999809265137,1.350000023841858,15.0,1.350000023841858,112.1999969482422,2221175.45,1777882.36,543571.3253968254,20889432.895332336,0.3256317017159391,2.391285700457437,0.2977939950158172,5.063572643495048,0.7778241037118403,-5.377582109444839,-10.18083734133022,7.453000068664551,6.099999904632568,43100.0,False,False,True,0.4520548238048044,1.580323890017476,1.5877958632148326,0.9952941222669344,4.988553798351427,1.507901526559193,0.0715686270176587,False,False,3.271276464541609,4.0881947355849295,1.7037035877500375,2.435055382175519,-0.0770115047106579,0.8311144981598555,-0.6887596910686549,0.245008422038649,4.086263101495406,97.0,99.0,99.0,98.0,98.0,34.0,34.0,99.0,99.0,99.0,99.0,80.76923076923077,39.0,False,volDry=4.99; 50SMA=+150.8%; 252H=0.07x; prior=83.1x; blind=VARS,PCLA
2026-06-04,13.949999809265137,14.19499969482422,13.210000038146973,13.43000030517578,4279572.0,0.0234776003035523,12.690810907670134,11.65836027714164,10.949399986267087,10.334499994913736,8.580099992752075,8.535599994659425,9.96102499961853,6.949999809265137,14.19499969482422,4.929999828338623,14.19499969482422,4.929999828338623,14.19499969482422,4.929999828338623,14.19499969482422,4.929999828338623,14.19499969482422,4.929999828338623,17.3700008392334,4436991.8,4373277.44,3966532.031746032,64360413.3009491,0.0825221238932507,0.9019284929547992,0.0646543731388274,9.680012739629404,0.3547949724660221,-0.0167928142293805,-1.15179325341743,13.895000457763672,12.600000381469728,6289300.0,False,False,False,0.0706092953508889,0.2344085698063972,0.3967741880351813,0.5907858345503378,0.9564856694753856,0.6258551556566023,0.8031087585071643,False,False,0.8235293640993235,1.7453665686085362,1.324999968210856,2.0939809052297536,0.6746698603880321,1.5079737263285329,0.414807332150171,1.1137365630082563,1.1186073286409024,65.0,98.0,98.0,98.0,98.0,91.0,91.0,97.0,97.0,96.0,96.0,100.0,53.0,False,volDry=0.96; 50SMA=+62.6%; 252H=0.80x; prior=3.5x; blind=VARS,PCT
2026-06-04,9.5,9.80500030517578,9.149999618530272,9.529999732971191,1690700.0,0.0215053553939048,8.83458636460237,8.137426875393679,7.62599998474121,7.468333307902018,6.9910000038146975,7.712300024032593,11.346900010108948,6.119999885559082,10.699999809265137,5.699999809265137,10.699999809265137,5.699999809265137,11.399999618530272,5.699999809265137,13.55799961090088,5.699999809265137,16.31999969482422,5.699999809265137,18.0,2428797.5,2385056.0,2464876.1904761903,19617275.16949892,0.065868610802805,0.6695000444139753,0.0704736888856816,5.092538880305979,0.2987300911088063,-12.574051818704472,-16.59176288983415,9.960000038146973,9.045000076293944,2577900.0,True,True,False,0.0689474406995271,0.4094736701563785,0.4515789433529502,0.9067598837006388,1.1912676264205118,0.3588900006889208,0.5277777777777778,False,False,0.3176144174392508,1.2611368918925838,0.2242267680150425,1.1025838756751964,-0.190110795333516,0.7292730768983853,-0.3632707807358301,0.5012333454283627,0.9853628792328024,50.0,94.0,94.0,82.0,82.0,24.0,24.0,92.0,88.0,85.0,82.0,88.46153846153845,56.0,False,inside; tight; volDry=1.19; 50SMA=+35.9%; 252H=0.53x; prior=3.2x; blind=VARS,PD
2026-06-04,71.16000366210938,72.47000122070312,63.8031005859375,65.47000122070312,2637312.0,-0.0035009100571248,61.06038324727598,53.56374323700926,48.75000053405762,45.424333826700845,36.204400329589845,27.64110017776489,25.09430010795593,26.90999984741211,73.23999786376953,16.040000915527344,73.23999786376953,16.040000915527344,73.23999786376953,16.040000915527344,73.23999786376953,16.040000915527344,73.23999786376953,16.040000915527344,73.23999786376953,2936652.8,2665990.24,1438032.984126984,198711992.7796776,0.1036577657012678,5.683492660522461,0.0798692013495321,12.088602639059609,-0.0439870366573181,14.041169861859528,9.54889184694145,71.97000122070312,65.2490005493164,3387600.0,False,False,False,0.1217945501509367,0.3798341475213475,0.511382764430984,0.7427589937333717,1.2264377982118944,0.965507038213538,0.9716002968005396,False,False,0.9522634340919224,1.8685826497035456,2.749209977785116,3.3766770797937955,2.431051323404759,3.089525506943968,2.698544932881452,2.911495175402277,2.0421317399634007,92.0,98.0,98.0,99.0,99.0,98.0,98.0,98.0,99.0,98.0,98.0,96.15384615384616,37.0,False,volDry=1.23; 50SMA=+96.6%; 252H=0.97x; prior=4.6x,PENG
2026-06-04,25.479999542236328,25.989999771118164,25.07999992370605,25.07999992370605,796810.0,0.0196078341579049,25.085337655723738,23.990245909490007,23.188399963378902,22.358666610717773,20.33840000152588,20.77700004577637,21.92734998703003,17.3700008392334,26.43000030517578,16.100000381469727,26.43000030517578,16.100000381469727,26.43000030517578,16.100000381469727,28.75,16.100000381469727,28.75,16.100000381469727,28.75,1591120.25,1490628.2,1419317.896825397,43765961.136987686,0.0457607745672881,0.9562861578805106,0.0375308545942218,6.7358593475302095,0.5123986863975817,-5.67826143502065,-5.98469387125834,25.13999938964844,24.700000762939453,1403100.0,False,False,True,0.0357142803673787,0.0843798923530738,0.3072998455406892,0.274584883713849,1.002879859645752,0.2528025577392863,0.8862608536430027,False,False,0.3424657616843194,1.284923021298703,0.4460839006035426,1.302396609301528,0.021242435394396,0.9195882706276708,0.1592356721061103,0.9125505104683658,1.1210457174949144,65.0,94.0,94.0,91.0,91.0,49.0,49.0,90.0,86.0,82.0,79.0,80.76923076923077,24.0,False,volDry=1.00; 50SMA=+25.3%; 252H=0.89x; prior=1.8x; blind=VARS,PGNY
2026-06-04,11.020000457763672,11.5,9.869999885559082,9.869999885559082,125971.0,0.0965174376735888,11.732818018806718,10.114270162092062,8.34471996307373,7.412266635894776,5.524759974479675,4.007829991579055,5.549269979596138,2.5350000858306885,16.889999389648438,2.2799999713897705,16.889999389648438,1.5199999809265137,16.889999389648438,1.5199999809265137,16.889999389648438,1.5199999809265137,16.889999389648438,1.5199999809265137,16.889999389648438,1976271.775,1586431.42,339827.6626984127,43669349.23117723,0.3064142405357741,3.34357145854405,0.3034093756492069,3.2782667688280096,0.2901090283415665,5.635921706032395,1.249755474856394,12.770000457763672,9.800000190734863,281300.0,True,False,True,0.1479128899030644,0.6524500255640092,1.2758619675044578,0.5113797904331133,0.2935690091160701,0.9946568735416494,0.6524571258728181,False,False,2.813148808909496,3.649704020799959,3.689362087223868,4.223412818328516,1.0792452945620954,1.872277843506043,0.6229750397165326,1.2776062164132322,5.815511778256511,99.0,99.0,99.0,99.0,99.0,95.0,95.0,99.0,99.0,99.0,99.0,65.38461538461539,87.0,False,inside; volDry=0.29; 50SMA=+99.5%; 252H=0.65x; prior=11.1x; blind=RS,PIII
2026-06-04,43.52999877929688,45.165000915527344,41.29999923706055,43.22999954223633,17165906.0,0.0092742337416111,45.706636784315,44.05330936728106,42.66680023193359,41.49866689046224,38.753800048828126,32.10900003433228,22.65509998559952,32.56999969482422,51.7599983215332,23.66200065612793,51.7599983215332,19.979999542236328,51.7599983215332,15.010000228881836,51.7599983215332,10.520000457763672,51.7599983215332,3.7799999713897705,51.7599983215332,11075610.15,12382310.12,12242823.03968254,522876406.74800265,0.102418946202482,4.4111431666782925,0.1013357061883552,1.2162016724843565,0.0906789229157686,1.4549658976691688,4.0865994444761125,47.619998931884766,42.665000915527344,15817600.0,False,True,True,0.0887893817333396,0.2462668896536784,0.3866298756792492,0.6369577343732824,1.1041050068611915,0.123244655348661,0.8409969124977255,False,False,0.1723672913297471,1.122115561559793,0.7702317409182979,1.5943361350525251,2.6983854788708888,3.330249301005528,10.335937435486509,8.923651801187653,0.9046614587257152,40.0,88.0,88.0,95.0,95.0,99.0,99.0,85.0,91.0,93.0,96.0,65.38461538461539,69.0,False,tight; volDry=1.10; 50SMA=+12.3%; 252H=0.84x; prior=13.7x; blind=RS/VARS,PL
2026-06-04,3.5999999046325684,3.7200000286102295,3.5,3.575000047683716,52877350.0,-0.0243902848759531,3.801851305113922,3.675861465293991,3.59439998626709,3.5233333269755045,3.171400003433228,2.661199995279312,2.5056500005722047,2.950000047683716,4.329999923706055,2.0999999046325684,4.329999923706055,1.7200000286102295,4.329999923706055,1.7200000286102295,4.329999923706055,1.7000000476837158,4.329999923706055,0.8600000143051147,4.579999923706055,82931433.75,78657657.0,95435877.18253969,350879684.6319902,0.103679086776768,0.3550000020435878,0.0986111142910768,1.37048781307818,-0.2535215551261889,0.565356781279581,0.786415537825953,3.990000009536743,3.690000057220459,73366100.0,False,True,True,0.0611111206772889,0.299999986754523,0.3555555570272752,0.8437499592546366,1.0714446401575373,0.1351453303699803,0.7860261931444559,True,False,0.0843373424758722,1.037858881743858,0.5720523862889118,1.4158484834057896,0.7061611770691938,1.5363304068217734,2.95604373723208,3.1141982762551383,0.8689754440185791,35.0,79.0,79.0,93.0,93.0,92.0,92.0,75.0,89.0,92.0,91.0,42.30769230769231,72.0,False,tight; NR7; volDry=1.07; 50SMA=+13.5%; 252H=0.79x; prior=5.3x; blind=1m/RS/VARS,PLUG
2026-06-04,0.3194999992847442,0.3348000049591064,0.2498999983072281,0.2419999986886978,57478664.0,0.0373376656363255,0.2271550864210057,0.26041918448883,0.2161400008201599,0.2901833345492681,0.5626699966192246,1.009334994852543,2.9565286414387324,0.1099999994039535,0.9200000166893004,0.1099999994039535,1.3700000047683716,0.1099999994039535,2.5,0.1099999994039535,2.700000047683716,0.1099999994039535,4.159999847412109,0.1099999994039535,13.68000030517578,40934466.6,32769585.28,9792587.3125,19542024.708930664,0.2328095278627846,0.0564214299832071,0.1765928954914436,-2.447276301883337,0.2038232805708237,-16.510846951302028,-19.6345962696747,0.3740000128746032,0.2919999957084656,237459600.0,False,False,False,0.2657277209450442,0.8982786103927928,0.8982786103927928,1.0,3.6401964010452073,-0.4321716082171707,0.0233552625845967,False,False,0.5214286155238457,1.4562149062904006,-0.7014018844648133,0.2689284992762475,-0.8386363655520317,0.1453015468231071,0.0,0.0,4.180148238019604,97.0,96.0,96.0,1.0,1.0,2.0,2.0,99.0,97.0,97.0,96.0,80.76923076923077,34.0,False,volDry=3.64; 50SMA=-43.2%; 252H=0.02x; prior=124.4x; blind=VARS,PMI
2026-06-04,15.475000381469728,15.9399995803833,13.75,14.350000381469728,31709543.0,0.0061768703720366,14.202418797916142,13.405334626060757,12.870199966430665,12.3718333085378,10.184699993133544,8.329349994659424,7.219674999713898,6.369999885559082,20.809999465942383,4.869999885559082,20.809999465942383,4.869999885559082,20.809999465942383,4.869999885559082,20.809999465942383,3.869999885559082,20.809999465942383,3.869999885559082,20.809999465942383,53940183.575,44955074.86,14694525.17063492,840778086.0492803,0.1617745090355327,2.1400000708443776,0.1382875617506855,3.756202283660896,0.0443926466746912,1.8606295496960372,1.936388211280416,15.81999969482422,13.220000267028809,55617600.0,False,False,False,0.1415185477478681,0.2869143438406568,0.7612277507325266,0.376909989900605,0.8425261089644196,0.5194360552498223,0.743632906228378,False,False,0.6802389052523017,1.6082180359904743,1.3305723934690832,2.098999637378609,2.306624134420807,2.9774837629161395,2.5656681652976827,2.8068945622520154,3.6707673741505022,97.0,98.0,98.0,98.0,98.0,98.0,98.0,98.0,98.0,97.0,96.0,92.3076923076923,55.0,False,volDry=0.84; 50SMA=+51.9%; 252H=0.74x; prior=5.4x; blind=VARS,POET
2026-06-04,85.30000305175781,87.36000061035156,80.37000274658203,80.98999786376953,675198.0,0.0036475490737768,81.80181559668685,77.84154241005848,76.07012115478516,75.1127530415853,66.99896278381348,56.49260368347168,47.952376232147216,64.32078459508278,89.0,44.38014312735122,89.0,42.96171798315662,89.0,34.97715795808406,89.0,30.456414020801404,89.0,30.456414020801404,89.0,1305794.95,1200867.96,960293.6428571428,113557592.2000946,0.0692506194939881,5.624160806862546,0.0659338875222542,4.142848141746852,0.0551202568052492,9.030742529899072,10.53505199879573,87.06999969482422,82.58999633789062,991600.0,False,False,False,0.0819460447091447,0.2399723461036205,0.2893225618050976,0.8294283881852191,1.3677522048302464,0.273154083399717,0.9584270005815484,False,False,0.1093818139818851,1.0618298603064402,0.788562085726487,1.6108451210909904,1.485307589113538,2.237920819426307,0.7051021869434904,1.3422567201275546,1.359787143977017,80.0,82.0,82.0,95.0,95.0,97.0,97.0,85.0,92.0,91.0,94.0,88.46153846153845,32.0,False,volDry=1.37; 50SMA=+27.3%; 252H=0.96x; prior=2.9x,POWI
2026-06-04,12.100000381469728,12.520000457763672,10.59000015258789,10.649999618530272,5530884.0,0.1224490427825564,10.31277842615033,9.071442341267248,7.863999977111816,7.503333314259847,7.105999975204468,7.8544000005722046,7.797299995422363,4.954999923706055,12.520000457763672,4.954999923706055,12.520000457763672,4.954999923706055,12.520000457763672,4.954999923706055,12.520000457763672,4.954999923706055,12.520000457763672,3.839999914169312,12.520000457763672,2511234.6,2329103.68,1537530.0952380951,26108895.165754795,0.1014796486128415,0.9417143549237932,0.0778276301847031,9.030037734227996,1.4016996147471428,-0.9777402572773486,-5.264915017503262,11.050000190734863,10.369999885559082,2908300.0,False,False,False,0.1595041524239484,0.3983471484744758,0.5867768725315796,0.6788732942998487,1.4663917408777611,0.7027864373334114,0.966453669254181,False,False,1.1762590838122788,2.082977068698141,0.4135513771401826,1.2730966162423294,0.198019794501133,1.0787692645944076,1.479508216744371,1.9518692733029264,1.6332913468019767,87.0,99.0,99.0,90.0,90.0,73.0,73.0,98.0,96.0,95.0,94.0,100.0,41.0,False,volDry=1.47; 50SMA=+70.3%; 252H=0.97x; prior=3.3x; blind=VARS,PSNL
2026-06-04,12.270000457763672,12.5600004196167,11.760000228881836,11.880000114440918,11610518.0,0.0216486447899129,11.839338350688848,11.77146458272482,11.902383880615234,11.83804365793864,11.266548976898193,9.829327902793883,7.766892359256745,9.910793786598,12.963318443731982,9.088198167738296,12.963318443731982,7.012742214585395,12.963318443731982,5.621947264732419,12.963318443731982,5.061563047655835,12.963318443731982,4.926330617289539,12.963318443731982,8866192.95,9271370.36,9681094.515873017,88426289.61213131,0.044022836734733,0.5912278848233822,0.0481848298912891,1.8483965069761248,0.439763136272752,6.884855365679357,8.296477303787915,12.18000030517578,11.65999984741211,8475800.0,False,False,False,0.0651996871140028,0.1413519791444646,0.1712378605149296,0.8254715325185967,0.8973572920670165,0.0890646712602976,0.9465169363093489,False,False,-0.0023818411248852,0.9548567832344402,0.4005024424922794,1.2613442633993628,1.1054878883979296,1.8959082574468415,1.2360948476861395,1.7602542294134027,0.9158254715376536,41.0,48.0,49.0,89.0,89.0,95.0,95.0,78.0,74.0,87.0,92.0,53.84615384615385,64.0,False,volDry=0.90; 50SMA=+8.9%; 252H=0.95x; prior=2.6x; blind=1m/RS,PTEN
2026-06-04,6.170000076293945,6.300000190734863,6.019999980926514,6.050000190734863,7444026.0,0.0283333460489909,6.010846277304549,5.760784574932697,5.5943999862670895,5.537666654586792,5.180799989700318,4.964750001430511,6.125674992799759,4.889999866485596,6.539999961853027,3.650000095367432,6.539999961853027,3.650000095367432,6.539999961853027,3.650000095367432,7.019999980926514,3.650000095367432,7.920000076293945,3.650000095367432,9.199999809265137,15236630.65,15767188.52,12961169.547619049,104635561.28457376,0.0580587516299222,0.3132143701825823,0.0507640788184101,3.761237953188928,0.5427595042808765,-7.441481033252329,-6.669105349454118,6.215000152587891,5.954999923706055,10161900.0,False,False,False,0.045380908646039,0.267423026736576,0.267423026736576,1.0,1.417888330036914,0.1909357799104782,0.6706521961098587,False,False,0.1957364842536537,1.1444830697928705,0.6109661094519336,1.45089562076875,-0.043410812597077,0.8613705874896019,-0.0735735408925819,0.7292830599613316,1.1755598593183243,70.0,89.0,89.0,94.0,94.0,37.0,37.0,80.0,88.0,86.0,83.0,88.46153846153845,26.0,False,volDry=1.42; 50SMA=+19.1%; 252H=0.67x; prior=2.5x; blind=VARS,PTON
2026-06-04,20.32999992370605,20.81999969482422,19.76000022888184,19.850000381469727,1333457.0,0.0226358542221438,19.1687989636677,17.99068417862788,17.13680004119873,16.532000064849854,15.035200023651123,13.603900022506714,13.95421351207776,12.710000038146973,20.81999969482422,10.65999984741211,20.81999969482422,8.920000076293945,20.81999969482422,8.920000076293945,20.81999969482422,8.920000076293945,20.81999969482422,8.920000076293945,20.81999969482422,1224896.425,1111267.14,1144277.2865168538,31625111.17756605,0.0603611666097003,0.9875713075910296,0.0485770443333577,7.249520046875641,0.4556640715262722,1.202001429188586,1.034243624699376,20.479999542236328,19.15999984741211,1623800.0,False,False,False,0.0521396689582058,0.1854402593168539,0.3128381544783523,0.5927673995714163,1.4421876093627677,0.352160256712644,0.9764649482084298,False,False,0.4511063234528318,1.3889068716488553,0.7465635158136648,1.5730196567267556,0.3662634252251084,1.2302659749341334,0.0,0.0,1.070454197975517,60.0,96.0,96.0,95.0,95.0,83.0,83.0,93.0,92.0,94.0,93.0,96.15384615384616,29.0,False,volDry=1.44; 50SMA=+35.2%; 252H=0.98x; prior=2.3x; blind=VARS,PTRN
2026-06-04,9.489999771118164,10.0,9.359999656677246,9.800000190734863,25792324.0,-0.0848601855498935,9.388073270276122,8.507376688887804,7.7815999412536625,7.483333269755046,6.734199962615967,5.660699980258942,5.213253952208019,5.710000038146973,11.619999885559082,4.505000114440918,11.619999885559082,3.6649999618530273,11.619999885559082,3.009999990463257,11.619999885559082,3.009999990463257,11.619999885559082,3.009999990463257,11.619999885559082,11880515.6,10406646.48,6222556.53968254,157892097.05118722,0.105048035604583,1.0253571101597376,0.1080460626859345,3.7875006170279097,-0.8582376868716745,5.285899027359278,4.103913603125361,11.119999885559082,10.100000381469728,20605400.0,False,False,True,0.0674394477090009,0.4473129597408739,0.5969441621161963,0.7493380254446708,2.277224699190512,0.4092245290904133,0.8166953411860179,False,False,0.420658684878801,1.3597643245057018,0.9486652965349508,1.7550399902878628,0.0,0.0,0.0,0.0,1.9092659944888368,91.0,95.0,95.0,96.0,96.0,0.0,0.0,94.0,94.0,96.0,96.0,84.61538461538461,32.0,False,volDry=2.28; 50SMA=+40.9%; 252H=0.82x; prior=3.9x,PURR
2026-06-04,27.63999938964844,28.81999969482422,26.450000762939453,27.040000915527344,37301521.0,0.0032667932878496,27.40932788407837,25.4801287483832,24.112799911499025,23.19333324432373,20.50879991531372,20.66259985923767,23.42239995479584,17.110000610351562,31.549999237060547,12.75,31.549999237060547,12.75,31.549999237060547,12.75,32.38999938964844,12.75,37.619998931884766,12.75,46.75,39279623.025,35301398.42,40805205.24206349,1167387601.9046612,0.1061928433034713,2.924642699105399,0.105811966848332,3.2861512561881434,0.0307730419908798,-7.1443292396692994,-7.895316047807562,29.950000762939453,27.3799991607666,42311000.0,False,False,True,0.0857452599211114,0.3596236919756102,0.499819064101821,0.7195077535144783,1.749335858179864,0.3477141277783846,0.5912299334684158,False,False,0.2831939746912379,1.2281918287464475,0.4678703930769017,1.3220183296692285,0.2284444173177082,1.1061654296094157,0.5633483547823745,1.2306680802917431,0.9626130488006744,48.0,93.0,93.0,91.0,91.0,76.0,76.0,93.0,95.0,93.0,92.0,69.23076923076923,39.0,False,volDry=1.75; 50SMA=+34.8%; 252H=0.59x; prior=3.7x; blind=RS/VARS,QBTS
2026-06-04,242.57000732421875,246.6999969482422,235.3300018310547,239.4499969482422,14029047.0,-0.0297587590339863,235.8766007486564,221.1217949834632,215.22320068359372,203.98800048828124,174.55280059814453,158.8158108520508,163.04276138305664,132.0500030517578,259.9200134277344,121.98999786376952,259.9200134277344,121.98999786376952,259.9200134277344,121.98999786376952,259.9200134277344,121.98999786376952,259.9200134277344,121.98999786376952,259.9200134277344,23752718.675,20992640.94,11794310.900793651,6106709095.009458,0.083176953755726,18.22714233398437,0.0751417808617287,5.185737006856425,-0.408181767953026,-3.7885952968851297,-4.701129152811834,255.08999633789065,233.0200042724609,19467000.0,True,True,True,0.0468730460233295,0.2569155519747415,0.2979758909001332,0.8622024795316305,1.1335898502725497,0.3896655137757625,0.9332486718713584,True,False,0.3002948451140916,1.2445596965295351,0.7705839950672901,1.5946533881587026,0.4374622935640448,1.2943777293396037,0.666802761573257,1.3121074062190603,2.0139132226369965,91.0,93.0,93.0,95.0,95.0,86.0,86.0,96.0,93.0,91.0,89.0,80.76923076923077,66.0,False,inside; tight; NR7; volDry=1.13; 50SMA=+39.0%; 252H=0.93x; prior=2.1x; blind=VARS,QCOM
2026-06-04,15.300000190734863,15.755000114440918,13.869999885559082,14.100000381469728,1910206.0,0.1249999824692227,13.200585420689505,12.706304199306782,11.985600090026855,11.94233341217041,13.1496000289917,18.858200035095216,23.276549978256227,9.920000076293944,15.755000114440918,9.920000076293944,19.71999931335449,9.920000076293944,30.5,9.920000076293944,35.58000183105469,9.920000076293944,35.58000183105469,9.920000076293944,35.58000183105469,2552035.15,2420402.12,1561831.373015873,23706080.5258502,0.0841826322672791,1.0017857551574707,0.0654761923312992,2.497602527423686,1.696969437340336,-15.338012787164118,-15.13085064826846,14.100000381469728,12.699999809265137,1822800.0,False,False,False,0.1232026278027973,0.2833333322944724,0.3813725467585576,0.7429305929402604,0.6740287436205022,0.1635335034527323,0.4300168466371697,False,False,0.3121784211798799,1.2559339012937056,-0.285380649239742,0.6436126001976591,-0.4232943914533529,0.5193005057803729,-0.4948828085742403,0.3976283356122704,1.6340017200909842,87.0,94.0,94.0,9.0,9.0,11.0,11.0,92.0,85.0,81.0,77.0,100.0,51.0,False,volDry=0.67; 50SMA=+16.4%; 252H=0.43x; prior=3.6x; blind=VARS,QDEL
2026-06-04,9.079999923706056,9.239999771118164,8.440099716186523,8.494999885559082,20579796.0,0.03652964457343,8.804069328445896,8.439565510247709,8.191600017547607,8.0096666653951,7.446200017929077,7.810050005912781,10.117375013828278,6.550000190734863,9.656999588012695,5.900000095367432,9.656999588012695,5.900000095367432,10.25,5.900000095367432,12.845000267028809,5.900000095367432,18.559999465942383,3.940000057220459,19.06999969482422,25392004.9,21991911.92,29920620.222222224,223451338.5808859,0.0865587876126823,0.674635750906808,0.0742990921338523,2.9531170539079405,0.4743295836221144,-9.44872422045179,-11.197911163879295,9.324999809265137,8.729999542236328,20493300.0,False,False,True,0.0880947204463363,0.22577089549809,0.2775329873638152,0.8134921100464688,1.1390160023885727,0.2194139160703565,0.476140538490436,False,False,0.2506886552956113,1.197079800121073,0.3121387028320543,1.1817606134668464,-0.2539030512092542,0.6718306829798903,1.220048798277137,1.7476227766971637,0.8486456734991478,33.0,92.0,92.0,87.0,87.0,20.0,20.0,88.0,84.0,81.0,77.0,84.61538461538461,41.0,False,volDry=1.14; 50SMA=+21.9%; 252H=0.48x; prior=4.8x; blind=VARS,QS
2026-06-04,1.870000004768372,2.1700000762939453,1.6749999523162842,1.8200000524520876,13339858.0,-0.113744029506956,1.9656262483673448,1.5103653393703709,1.0581599831581117,0.9654999872048696,0.7702399945259094,0.7186499965190888,0.9051049947738647,0.2829999923706054,3.849999904632568,0.2829999923706054,3.849999904632568,0.2829999923706054,3.849999904632568,0.2829999923706054,3.849999904632568,0.2829999923706054,3.849999904632568,0.2829999923706054,3.849999904632568,35947716.45,28843713.16,6225358.563492063,99132105.69546673,0.3663856130140437,0.6495000102690288,0.3473262078143574,4.110875305190493,-0.3695148368481833,-6.070669754642861,-10.723572558474125,2.440000057220459,1.8200000524520876,21612900.0,False,True,True,0.2647059479761737,1.9074865792333464,1.9074865792333464,1.0,4.905596065773662,1.4278147305495033,0.4857142989843368,True,False,2.9285713480729605,3.760179149463063,2.1114808163793164,2.80231462605168,0.6260869943802667,1.4642267841864711,2.1911261503772232,2.512055026917021,5.774400957530618,99.0,99.0,99.0,99.0,99.0,90.0,90.0,99.0,99.0,99.0,99.0,76.92307692307693,68.0,False,tight; NR7; volDry=4.91; 50SMA=+142.8%; 252H=0.49x; prior=13.6x; blind=VARS,QTEX
2026-06-04,14.0,14.849900245666504,11.850000381469728,12.1899995803833,1052492.0,0.1484824021265294,10.820758819920435,9.082051177199778,7.486400032043457,7.218333339691162,6.773000011444092,5.7382000017166135,4.149974995851517,4.769999980926514,14.849900245666504,4.769999980926514,14.849900245666504,3.4200000762939453,14.849900245666504,2.720000028610229,14.849900245666504,1.9049999713897705,14.849900245666504,1.3450000286102295,14.849900245666504,929982.3,821407.84,1313900.761904762,18118963.59554472,0.149808896300684,1.686564309256417,0.1204688792326012,8.857315359139326,1.0731879061372425,7.026339455105594,4.127601252373812,13.100000381469728,11.529999732971191,537700.0,False,False,False,0.2142785617283412,0.6767785889761788,0.7014214311327253,0.9648672808346463,3.4300855954820206,1.0670308543252194,0.9427672757657398,False,False,1.7237354793108794,2.6069867263531608,2.083700466439171,2.7772946161116248,3.1055717441689,3.696904367962407,6.291666829648121,5.740001319551845,0.7078025425997962,20.0,99.0,99.0,99.0,99.0,99.0,99.0,99.0,98.0,98.0,99.0,100.0,32.0,False,volDry=3.43; 50SMA=+106.7%; 252H=0.94x; prior=11.0x,QTTB
2026-06-04,2.3299999237060547,2.390000104904175,2.200000047683716,2.2799999713897705,2093177.0,-0.0528455741565119,2.551159191811191,2.2791313641424944,1.9435199975967408,1.7034999976555507,1.217759997844696,1.04811999887228,1.2291399969160557,0.3000000119209289,4.929999828338623,0.3000000119209289,4.929999828338623,0.3000000119209289,4.929999828338623,0.3000000119209289,4.929999828338623,0.3000000119209289,4.929999828338623,0.3000000119209289,4.929999828338623,27317221.925,21880625.54,4665990.384920635,117854594.21433708,0.4210981308930441,0.8510714258466449,0.3652667183323106,2.500498936482048,-0.1527487711288086,-2.612838867368076,-3.982582685787012,2.625,2.359999895095825,3256500.0,False,True,True,0.0815450916059466,1.154506397804175,1.9871244497953895,0.58099350441944,0.5306556560174102,0.9133490407222308,0.4726166338409892,True,True,5.401098821473688,6.126725516634536,1.8729962439518928,2.587526605542934,1.0086206816818994,1.8086831833437216,0.1708542274069941,0.921696639099366,5.854538837731584,99.0,99.0,99.0,98.0,98.0,95.0,95.0,99.0,99.0,99.0,99.0,50.0,99.0,False,tight; NR20; volDry=0.53; 50SMA=+91.3%; 252H=0.47x; prior=16.4x; blind=RS/VARS,QUCY
2026-06-04,27.989999771118164,31.0,27.899999618530277,30.01000022888184,2792275.0,-0.0632529933980073,27.099730171503094,25.738836970206247,25.43919998168945,24.14099998474121,21.16220001220703,20.754550037384032,26.771850018501283,16.600000381469727,31.0,13.210000038146973,31.0,8.729999542236328,31.0,8.729999542236328,31.0,8.729999542236328,70.87999725341797,8.729999542236328,71.5,1856086.875,1752099.5,2780433.630952381,54039668.29397917,0.0832107241286161,2.0535714285714284,0.0733680402059321,4.39757285053366,-0.9203475288722828,-2.821050766245428,-2.968266689754486,30.450000762939453,26.899999618530277,2941300.0,False,False,True,0.1107538551918282,0.2500893196584817,0.3004644485953184,0.8323424645666327,0.8879561349112879,0.3226413017064691,0.3914685282673869,False,False,0.3227788266993476,1.2660799366532791,1.628169086730996,2.3670262187421773,0.1054502412509796,0.9954140568241688,0.8463060720872106,1.4534124415814262,0.6675530227866777,18.0,94.0,94.0,98.0,98.0,63.0,63.0,94.0,94.0,97.0,97.0,69.23076923076923,58.0,False,volDry=0.89; 50SMA=+32.3%; 252H=0.39x; prior=8.2x; blind=RS/VARS,QURE
2026-06-04,77.0,78.25,75.70999908447266,77.5,6636801.0,-0.030958961903051,74.83819400779842,69.68307270965681,65.9247998046875,63.76499977111816,58.16939994812012,57.31109985351563,68.01819995880128,49.88100051879883,86.45500183105469,42.25,86.45500183105469,42.25,86.45500183105469,42.25,89.5989990234375,42.25,92.76599884033205,42.25,103.0,3647387.525,3579174.02,3851132.9404761903,278923405.3993393,0.0551668873791491,4.541143417358398,0.058975888537122,5.4890234077787925,-0.5417135858491886,-5.441785623192693,-9.59647214527724,80.7300033569336,76.08799743652344,5348500.0,False,True,True,0.0329870248769784,0.2848961570046164,0.3690259859159395,0.7720219385024907,1.272718251346717,0.3237200326748159,0.7475728155339806,True,False,0.3478032305337097,1.2900317077142445,0.3779527295667089,1.2410351584831625,0.1095100620608358,0.9990697642920552,-0.2148465357437562,0.6180729353344616,0.9470946813248682,46.0,94.0,94.0,89.0,89.0,64.0,64.0,92.0,91.0,89.0,87.0,84.61538461538461,58.0,False,tight; NR7; volDry=1.27; 50SMA=+32.4%; 252H=0.75x; prior=2.4x; blind=VARS,RBRK
2026-06-04,14.739999771118164,15.225000381469728,13.289999961853027,13.649999618530272,21878913.0,0.0688904867217621,13.083853326084236,12.159037037954365,11.156399917602538,11.244999917348226,11.917299957275391,12.96914994239807,11.341049981117248,8.354999542236328,15.789999961853027,8.354999542236328,18.489999771118164,8.354999542236328,18.780000686645508,6.864999771118164,18.780000686645508,5.769999980926514,18.780000686645508,5.769999980926514,18.780000686645508,14182202.825,14176566.26,12526563.146825396,228638359.4686141,0.093434656746727,1.2678571428571428,0.0860147328727512,2.7536832257140045,0.749295624209122,-3.009545170347029,-2.606822305997219,14.710000038146973,13.5,16499300.0,False,False,False,0.1312754714832612,0.4843962316276969,0.5044098056354778,0.9603227895568628,1.7375350877103015,0.2368573270759659,0.7848774884017872,False,False,0.4132310009428848,1.3526550168744853,-0.0225464293307723,0.8803308132107386,1.1178160474611911,1.9070092752660135,1.126984146643462,1.6743622677269938,1.132170305515459,66.0,95.0,95.0,39.0,39.0,96.0,96.0,95.0,90.0,88.0,91.0,92.3076923076923,36.0,False,volDry=1.74; 50SMA=+23.7%; 252H=0.78x; prior=3.3x; blind=VARS,RCAT
2026-06-04,21.43000030517578,22.75,18.79010009765625,19.299999237060547,74644188.0,0.1509129612938338,20.07770077011424,17.71978266331601,15.29200008392334,14.299666754404704,12.432000045776368,11.157900023460387,9.534849989414216,8.300000190734863,26.63999938964844,7.429999828338623,26.63999938964844,7.429999828338623,26.63999938964844,6.320000171661377,26.63999938964844,4.869999885559082,26.63999938964844,4.869999885559082,26.63999938964844,41974289.7,37764055.76,16929561.85714286,1081289346.0637803,0.1474484040060457,2.91749974659511,0.1361409101749044,5.316384076233229,0.9631532853505176,1.3402112688261472,1.767699986645488,20.01000022888184,18.270000457763672,41623400.0,False,False,True,0.1847830072772959,0.6111525423185741,0.8301445989192107,0.7362001067214692,1.829673148433038,0.7237773669777601,0.8044294593153363,False,False,1.4660530886044691,2.360349496971208,1.3627344020093823,2.127965931003571,3.105364208144726,3.69671749001164,0.4440700865787179,1.1367722080751177,2.4793488487293818,94.0,99.0,99.0,98.0,98.0,99.0,99.0,98.0,97.0,97.0,97.0,84.61538461538461,44.0,False,volDry=1.83; 50SMA=+72.4%; 252H=0.80x; prior=5.5x; blind=VARS,RDW
2026-06-04,9.869999885559082,10.859999656677246,9.829999923706056,10.024999618530272,7085149.0,-0.0110220101926574,7.683150462719374,6.370286309710007,5.219599914550781,4.779666598637899,4.9192999625206,6.241199988126755,6.871349989771843,2.319999933242798,10.859999656677246,1.5,10.859999656677246,1.5,10.859999656677246,1.5,10.859999656677246,1.5,11.260000228881836,1.5,13.239999771118164,10377821.225,8809170.98,5706017.654761905,61061552.83927345,0.1428153412533761,0.944000107901437,0.0956433757697013,10.522244806797683,-0.1165250467203666,-2.59471365772692,-9.2534847181506,10.414999961853027,8.800000190734863,9007900.0,False,True,False,0.1043566104269359,0.6474164073532446,0.775582555393067,0.8347485420493148,1.1335430907937718,1.0063830139973398,0.7454682821890658,False,False,2.439024487499722,3.2916159658733,0.4019886277046454,1.2626827767322142,-0.0130000114440917,0.8887543066452553,0.024922094316309,0.8068188400891813,1.81875028310494,90.0,99.0,99.0,89.0,89.0,42.0,42.0,99.0,99.0,99.0,99.0,96.15384615384616,56.0,False,tight; volDry=1.13; 50SMA=+100.6%; 252H=0.75x; prior=8.8x; blind=VARS,REPL
2026-06-04,24.15999984741211,25.020000457763672,22.950000762939453,23.381999969482425,47836864.0,0.0026976773567115,24.140187726055675,22.429212651113318,20.973800239562987,20.239833545684814,18.45790012359619,18.484100036621093,23.47082503795624,15.300000190734863,28.059999465942383,12.529999732971191,28.059999465942383,12.529999732971191,28.059999465942383,12.529999732971191,28.059999465942383,12.529999732971191,44.52000045776367,10.300000190734863,58.150001525878906,46369314.1,41857629.28,49509238.34920635,1431036862.6492093,0.1143575993143537,2.782285622188023,0.115160829460272,2.682549425120764,0.0233622793933356,-6.48363853043222,-7.228843666379266,28.059999465942383,23.780000686645508,78372500.0,False,False,True,0.0856787958566955,0.3998344332956127,0.5215231584177785,0.766666689373199,2.187596812697463,0.308924616865083,0.4154772005751369,False,False,0.3223863843498447,1.2657043157444998,0.4236889113130055,1.282226854209748,0.0117253222983999,0.911018488105918,1.0066445119567708,1.579630887641526,0.9365790233519784,44.0,94.0,94.0,90.0,90.0,47.0,47.0,93.0,92.0,90.0,89.0,69.23076923076923,44.0,False,volDry=2.19; 50SMA=+30.9%; 252H=0.42x; prior=5.6x; blind=RS/VARS,RGTI
2026-06-04,27.46999931335449,28.07999992370605,26.059999465942383,26.5,14695009.0,-0.0065099568773646,26.674203835455035,25.080449223739254,24.262200088500972,23.14016672770182,20.0964001083374,17.847050065994264,17.151775035858154,15.3100004196167,28.940000534057617,11.5,28.940000534057617,11.5,28.940000534057617,11.5,28.940000534057617,11.5,28.940000534057617,8.869999885559082,28.940000534057617,18720730.225,18298924.18,26686203.21031746,422368039.468109,0.0614464377072709,1.6257147107805523,0.0591814616460588,6.199769909238204,-0.1107207211586084,2.754107531461507,2.347794663995957,28.63999938964844,27.25,16040300.0,False,False,True,0.0735347837006188,0.1933018385883092,0.2624681897358534,0.7364772042770105,0.8942635500881124,0.3669114450979707,0.94920521100291,False,False,0.3498770908313144,1.2920166751639963,0.7608973488221451,1.5859292365241295,0.8048619468728224,1.6252065316944009,2.0420819629765243,2.394727418245572,0.7015134403893831,20.0,94.0,94.0,95.0,95.0,93.0,93.0,95.0,96.0,95.0,94.0,88.46153846153845,58.0,False,volDry=0.89; 50SMA=+36.7%; 252H=0.95x; prior=3.3x,RIOT
2026-06-04,119.9499969482422,122.62999725341795,110.38999938964844,113.08999633789062,24644721.0,0.0457715792474608,126.98589721732556,121.75062539470302,116.9891989135742,110.89699885050456,95.39359947204588,85.55550006866456,70.64982498168945,73.98999786376953,151.0,56.13199996948242,151.0,56.13199996948242,151.0,52.68000030517578,151.0,37.56999969482422,151.0,25.239999771118164,151.0,26639673.025,26527538.42,23679520.718253966,3967800612.396853,0.0961720809905624,12.312142508370536,0.1026439584961654,2.5079104536812578,0.4264083197892433,-1.4371815569291773,0.9054061856823789,122.50499725341795,113.66000366210938,21579800.0,False,False,True,0.1020425025025305,0.3385577460904361,0.6091705006574827,0.5557684518948767,1.0715834861846183,0.2574218565197583,0.7943708407168357,False,False,0.5229811286795771,1.457700873345654,0.7135713849748884,1.5433057242778008,1.8627683193318472,2.5778092221220508,3.4891467077355767,3.533857021729492,1.1250089620464372,66.0,96.0,96.0,95.0,95.0,98.0,98.0,94.0,94.0,93.0,93.0,38.46153846153847,49.0,False,volDry=1.07; 50SMA=+25.7%; 252H=0.79x; prior=6.0x; blind=RS/VARS,RKLB
2026-06-04,1.9700000286102293,2.3499999046325684,1.950000047683716,2.049999952316284,11301860.0,-0.0794392840936601,1.548979028727428,1.2370916219991774,0.972640016078949,0.9384333451588948,0.8358400058746338,0.91196999669075,1.125284999012947,0.5400000214576721,2.450000047683716,0.488999992609024,2.450000047683716,0.488999992609024,2.450000047683716,0.488999992609024,2.450000047683716,0.488999992609024,2.450000047683716,0.488999992609024,2.450000047683716,12686061.5,10289261.2,2771993.095238095,28797890.444867197,0.211727611605339,0.3386428483894893,0.1718999205438544,7.893607087468394,-0.5020040349365952,-2.6029256417812725,-7.549742888407063,2.200000047683716,1.899999976158142,15157500.0,False,True,False,0.203045609715569,0.9390862928803978,0.9695431464401988,0.9685863866176276,3.4551213453498493,1.3569104311402227,0.8040816286810734,False,False,1.774648011475657,2.6557169707424526,0.9504950962491092,1.7566879755412954,0.7280702222197126,1.5560586322095955,1.1413043400797367,1.6856351263395453,4.576512662240363,98.0,99.0,99.0,96.0,96.0,92.0,92.0,99.0,99.0,98.0,98.0,92.3076923076923,58.0,False,tight; volDry=3.46; 50SMA=+135.7%; 252H=0.80x; prior=5.0x; blind=VARS,RKTO
2026-06-04,14.539999961853027,15.574999809265137,14.3100004196167,15.329999923706056,5536617.0,-0.0496732169547334,14.351806541939975,13.93821909057718,13.386800079345702,13.51466671625773,13.516600036621094,11.24550000667572,8.76285001039505,11.619999885559082,17.469999313354492,9.265000343322754,17.469999313354492,7.420000076293945,17.469999313354492,7.010000228881836,17.469999313354492,5.949999809265137,17.469999313354492,2.9800000190734863,17.469999313354492,4029447.925,4005798.34,2483473.48015873,66104200.13204169,0.0759522524698605,1.3043569837297713,0.0897081834354791,0.8440066247697616,-0.5826627513494328,1.8705158387367968,1.1652070606435887,15.9399995803833,14.960000038146973,3726900.0,False,False,True,0.0870013337666626,0.2892709343483121,0.4023383385930811,0.7189743223572743,1.2886923558912855,0.0757143011156054,0.8322839458120813,False,False,0.1184615355271558,1.070520393483139,0.5082986975124237,1.358429554906338,0.941255060904012,1.7480231161903497,3.419452927185951,3.478994066294826,1.62250491386059,87.0,83.0,83.0,92.0,92.0,94.0,94.0,79.0,85.0,91.0,90.0,88.46153846153845,54.0,False,volDry=1.29; 50SMA=+7.6%; 252H=0.83x; prior=5.9x; blind=VARS,RLAY
2026-06-04,169.35000610351562,171.2790069580078,157.50999450683594,164.33999633789062,2139728.0,-0.0076760666265273,154.6298611625329,144.8779716244958,136.69480072021486,135.96700032552084,123.94260055541992,112.7108999633789,103.59449989318848,104.5,174.10000610351562,77.88999938964844,174.10000610351562,77.88999938964844,174.10000610351562,77.88999938964844,174.10000610351562,77.88999938964844,174.10000610351562,56.08000183105469,174.10000610351562,2515628.2,2455976.56,1979204.476190476,306761203.3777359,0.0720377315856437,11.135645730154854,0.0657552130429104,5.571548236000987,-0.117640017502203,5.906998993029097,3.1343239106661387,174.10000610351562,161.88999938964844,2430200.0,False,False,False,0.081305060259375,0.2510186491498598,0.3284913072209074,0.7641561393923036,0.9030797916084344,0.3663583412370967,0.9727168303648664,False,False,0.4351695432501323,1.373653197140141,0.8425633702083237,1.6594806738260135,0.7602121163604401,1.5850011318778106,2.007993044377126,2.3678926159549567,1.2710299669703755,76.0,96.0,96.0,96.0,96.0,93.0,93.0,93.0,95.0,93.0,92.0,96.15384615384616,44.0,False,volDry=0.90; 50SMA=+36.6%; 252H=0.97x; prior=3.1x,RMBS
2026-06-04,41.9900016784668,42.9900016784668,40.45769882202149,42.5,579586.0,-0.0273337164820024,48.00482410511143,47.21425231029376,47.14319976806641,44.53799985249837,37.34839992523193,34.421904700143,0.0,27.5,77.38999938964844,22.209999084472656,77.38999938964844,21.0,77.38999938964844,21.0,77.38999938964844,0.0,0.0,0.0,0.0,875349.65,849685.72,0.0,67890985.91625634,0.1507238973476032,6.183021817888532,0.147249858793392,0.8439971652297124,-0.1908446266620935,7.12007799658519,7.01549039986,47.27999877929688,41.310001373291016,743900.0,False,True,False,0.0603072816199462,0.5411359984490471,1.0785901191986105,0.5017068011443585,0.7764619134707831,0.1242784634020983,0.0,False,False,0.322519737904466,1.2658319533030846,0.0,0.0,0.0,0.0,0.0,0.0,0.0,0.0,94.0,94.0,0.0,0.0,0.0,0.0,92.0,92.0,91.0,90.0,34.61538461538461,56.0,False,tight; volDry=0.78; 50SMA=+12.4%; blind=RS,RVI
2026-06-04,27.6299991607666,27.81999969482422,26.729999542236328,27.059999465942383,1498785.0,0.0298173402659496,25.630833686812437,23.78839297072188,22.372400131225582,21.86733341217041,19.59479997634888,17.207699966430663,16.166249995231627,16.75,27.81999969482422,11.68000030517578,27.81999969482422,11.18000030517578,27.81999969482422,11.18000030517578,27.81999969482422,10.425000190734863,27.81999969482422,10.425000190734863,27.81999969482422,2496857.125,2313299.7,2156026.9246031744,69634281.9511838,0.0741727671427416,1.5612141745431083,0.0565043149461967,7.257285332659712,0.5124211976199023,3.96524763456439,3.677476798249791,27.239999771118164,26.200000762939453,1644300.0,False,False,False,0.0394498800468891,0.1740861242143059,0.400651466922342,0.4345076421448592,0.8761331270652046,0.4100679360910186,0.9931703617490346,False,False,0.5189663743568467,1.453858205322849,0.7883494823215014,1.6106536426064684,1.052748817419053,1.8484188177260517,0.7388293621011275,1.3688067579217165,1.1580825343633203,69.0,96.0,96.0,95.0,95.0,95.0,95.0,94.0,96.0,95.0,94.0,100.0,53.0,False,volDry=0.88; 50SMA=+41.0%; 252H=0.99x; prior=2.7x,RXO
2026-06-04,5.590000152587891,5.730000019073486,4.840000152587891,5.021999835968018,12353399.0,0.0729366817003078,5.172874945797123,4.689462605547549,4.505400009155274,4.015000009536744,2.8757000076770782,2.064040006697178,1.668170001655817,1.4199999570846558,7.650000095367432,0.8619999885559082,7.650000095367432,0.3930000066757202,7.650000095367432,0.3930000066757202,7.650000095367432,0.3930000066757202,7.650000095367432,0.3930000066757202,7.650000095367432,25290057.475,21549683.98,10751821.82142857,214291812.10243037,0.2389417548245069,0.8659999200275966,0.15491948057044,6.092678462979811,0.4387992488830814,2.429144938670623,0.5107605810835071,5.659999847412109,5.099999904632568,12900900.0,False,False,True,0.1592128519126373,0.4418604581731081,0.7674418753433399,0.5757575555483307,0.9121409816609292,0.9438745827675394,0.730718965085111,False,False,1.2816326709351702,2.183833978271129,1.3487394469731058,2.1153615572331645,4.623742508418856,5.06395687109791,4.427184764913488,4.272280733588922,2.352164860525913,93.0,99.0,99.0,98.0,98.0,99.0,99.0,99.0,99.0,99.0,99.0,76.92307692307693,54.0,False,volDry=0.91; 50SMA=+94.4%; 252H=0.73x; prior=19.5x,RXT
2026-06-04,18.61000061035156,18.76000022888184,17.75,18.26000022888184,4617274.0,0.0125136811799162,17.471523905011516,15.95703478848969,14.535599937438963,14.063666598002117,13.284599914550782,14.371099948883057,17.627724990844726,11.079999923706056,20.14699935913086,10.300000190734863,20.14699935913086,10.300000190734863,20.14699935913086,10.300000190734863,21.959999084472656,10.300000190734863,22.71999931335449,10.300000190734863,24.950000762939453,3623051.85,3499193.48,2647722.119047619,68415895.88781357,0.0687301339109969,1.1903571401323592,0.0639633047335978,6.26719080782847,0.1932205401476286,-8.141419993212342,-11.730851279336484,19.62299919128418,18.36000061035156,7764600.0,False,False,False,0.0542719073485702,0.2959161115096853,0.4743148508762939,0.6238811855942988,1.342871557933973,0.4008702354647357,0.7458917852216951,False,False,0.5316873411229559,1.4660339073165012,0.217931998401472,1.0969145735014936,-0.0276906372099215,0.8755259813483139,0.0466816586981047,0.8239479727254303,1.3683655939329484,81.0,97.0,97.0,81.0,81.0,39.0,39.0,94.0,91.0,88.0,86.0,88.46153846153845,31.0,False,volDry=1.34; 50SMA=+40.1%; 252H=0.75x; prior=2.4x; blind=VARS,SAIL
2026-06-04,280.1300048828125,285.3349914550781,268.9599914550781,271.6000061035156,653195.0,-0.0091609943644163,264.7945139489202,249.29444467207543,244.53800048828128,236.59466756184892,200.67900024414064,174.18749946594238,156.4284997177124,173.63999938964844,288.67999267578125,118.0999984741211,288.67999267578125,118.0999984741211,288.67999267578125,118.0999984741211,288.67999267578125,118.0999984741211,288.67999267578125,85.66000366210938,288.67999267578125,934159.875,854095.9,770720.2182539683,217529682.6638794,0.0560223853573533,14.556068420410156,0.0519618326016145,7.619263705003709,-0.1779324102557114,7.526561469117995,5.25651205545784,288.67999267578125,274.44000244140625,981600.0,False,False,False,0.0584550020154042,0.2247884370267885,0.268482455089168,0.8372555925568101,1.031675131563095,0.3959109051869598,0.9703824719069766,False,False,0.2624724217105976,1.208358473422376,1.150050036978762,1.9364145308726937,0.8172560231882129,1.6363669053822567,2.177518072214085,2.5013427455638224,1.2120609436149177,72.0,92.0,92.0,97.0,97.0,93.0,93.0,93.0,96.0,95.0,93.0,96.15384615384616,32.0,False,volDry=1.03; 50SMA=+39.6%; 252H=0.97x; prior=3.4x,SANM
2026-06-04,8.140000343322754,8.5,7.610000133514404,7.610000133514404,7790327.0,0.0382653297061272,8.865786513645766,8.714791698981788,8.569200096130372,8.192500082651774,7.600500030517578,5.609500007629395,4.107375004887581,5.769999980926514,12.0,2.869999885559082,12.0,2.7300000190734863,12.0,1.7999999523162842,12.0,1.2549999952316284,12.0,1.2549999952316284,12.0,10054810.675,11625498.54,6146238.996031746,100658365.60835569,0.1157011610426133,1.0512141840798517,0.1291417862091569,0.549645588620008,0.2853844585415858,6.1360285515215,10.411950738229974,8.680000305175781,7.625,9343300.0,False,False,False,0.1093365883228325,0.5393120001630853,0.6762899118249636,0.7974568165711,0.9711387998677604,0.0709822130963713,0.6783333619435629,False,False,0.1628571919032506,1.1130130979911033,1.5437500693835309,2.2909953315246256,4.21794912942064,4.69855604295761,1.2362637661344364,1.7603872020434983,1.6359290098370374,87.0,87.0,87.0,98.0,98.0,99.0,99.0,89.0,97.0,97.0,98.0,42.30769230769231,57.0,False,volDry=0.97; 50SMA=+7.1%; 252H=0.68x; prior=9.6x; blind=RS,SATL
2026-06-04,73.13999938964844,73.9541015625,70.01000213623047,70.5,1968310.0,-0.0118886421687024,70.61581005869907,63.64909027912899,56.61400024414063,54.72633374532064,50.68840003967285,43.89725004196167,39.08997505187988,37.54999923706055,81.25,34.779998779296875,81.25,29.43000030517578,81.25,28.209999084472656,81.25,28.209999084472656,81.25,13.729999542236328,81.25,4355395.25,4139410.2,4199699.246031746,294106246.5217056,0.1146868491646275,7.489928381783621,0.1024053656588309,4.325297536413385,-0.1174907433772297,3.12475421438392,2.7324036853358145,78.2300033569336,72.94000244140625,2593500.0,False,False,True,0.0539253412521595,0.3471424610545171,0.5974842921467722,0.5810068408781556,1.0635768834893435,0.4429336757996533,0.9001846078725961,True,False,0.6384408689442962,1.568211608541739,1.0754822901821883,1.8692560620241163,1.2394366114929376,2.016523764944973,3.038652508263421,3.1792279143069555,1.0370731318713762,57.0,97.0,97.0,97.0,97.0,96.0,96.0,96.0,94.0,95.0,95.0,76.92307692307693,47.0,False,NR7; volDry=1.06; 50SMA=+44.3%; 252H=0.90x; prior=5.9x,SEDG
2026-06-04,76.30999755859375,77.4800033569336,71.19999694824219,72.68000030517578,2590662.0,0.0284366670772693,72.80413488392432,72.44523576337157,73.6734552001953,73.31235936482747,68.3022705078125,61.05936626434326,52.22973260879517,65.44548195864013,81.0980922284726,51.3701143109551,81.0980922284726,44.42401642750769,81.0980922284726,40.21164765185456,81.0980922284726,38.25539063509176,81.0980922284726,24.323541023555457,81.0980922284726,2396539.05,2373497.24,2692768.896825397,176397665.65633696,0.0632670625028122,4.639455265466063,0.0607974762665103,1.928362018177572,0.4547949036296181,-0.8684736369018351,-0.1241383585558888,75.44000244140625,70.25,1535700.0,False,False,False,0.0822959849247718,0.1577056975929385,0.178039911226709,0.8857884533099001,0.9417311140416578,0.1172395440333908,0.9409592194056842,False,False,0.010088867102489,0.9667929536386284,0.518919285435026,1.3679948489348608,0.5219173524695484,1.3704261570909209,1.7529717927916213,2.167139845043563,0.8899906162854773,38.0,59.0,59.0,92.0,92.0,88.0,88.0,67.0,82.0,86.0,88.0,61.53846153846154,64.0,False,volDry=0.94; 50SMA=+11.7%; 252H=0.94x; prior=3.3x; blind=1m/RS/VARS,SEI
2026-06-04,12.770000457763672,12.789999961853027,11.925000190734863,12.039999961853027,4145097.0,0.030669903463377,11.7519224545335,10.744530615183832,9.98579999923706,9.604833348592122,8.504299983978271,8.394099955558778,8.382724993228912,7.179999828338623,13.18000030517578,5.730000019073486,13.18000030517578,5.429999828338623,13.18000030517578,5.429999828338623,13.18000030517578,5.429999828338623,13.18000030517578,3.990000009536743,13.18000030517578,5899104.925,5503497.94,5419065.861111111,59823417.53396282,0.0875672353045617,0.9103572028023856,0.0712887368965537,7.0360815762936,0.4174186937513646,1.512721330231205,-0.8690515600767861,12.8149995803833,12.06999969482422,3553500.0,False,False,False,0.0677368629687305,0.2952232045905414,0.4271730779169065,0.6911091074142273,0.9939441714409,0.5015933682750837,0.96889227329903,False,False,0.5707257414524447,1.5033989863596346,1.1829060967421916,1.966005912681896,0.6329923500565162,1.4704447828362617,1.6221767469913728,2.064177963621383,1.088583360341456,62.0,97.0,97.0,97.0,97.0,90.0,90.0,95.0,95.0,94.0,93.0,100.0,51.0,False,volDry=0.99; 50SMA=+50.2%; 252H=0.97x; prior=3.3x; blind=VARS,SHLS
2026-06-04,4.704999923706055,4.875,4.190000057220459,4.369999885559082,22438044.0,0.0967365887047169,4.686602530893694,4.429723036123447,4.065799989700317,3.943499986330668,3.860599980354309,3.2077999818325043,2.275889993011952,2.869999885559082,6.789999961853027,1.9299999475479128,6.789999961853027,1.7999999523162842,6.789999961853027,0.8510000109672546,6.789999961853027,0.628000020980835,6.789999961853027,0.628000020980835,6.789999961853027,27367748.6,27943260.88,16133236.285714284,139368140.05954266,0.168001483853887,0.8377856356757027,0.1780628372499084,1.2283442642434073,0.4953533985078602,-1.9723033090717823,0.1630646205764973,4.877999782562256,4.199999809265137,21095000.0,False,False,True,0.1455897882863252,0.64994684355079,0.818278420204518,0.7942856948229727,1.3255136742652065,0.2187224648108323,0.6929307732163867,False,False,0.5949152025947699,1.526551603269274,1.3292079050159256,2.09777072864511,6.328660094125201,6.599167473266943,2.1577180493904087,2.4857561643622588,1.6963582579047511,88.0,97.0,97.0,98.0,98.0,99.0,99.0,94.0,96.0,96.0,99.0,76.92307692307693,41.0,False,volDry=1.33; 50SMA=+21.9%; 252H=0.69x; prior=10.8x; blind=VARS,SIDU
2026-06-04,294.6700134277344,302.0,284.989990234375,291.2749938964844,884503.0,-0.0388165626518687,283.8650394775297,265.15782264246565,262.709375,245.8587209065755,197.1115881347656,160.49405181884765,125.1253021621704,138.89589302805842,314.3399963378906,104.77568872158189,314.3399963378906,104.77568872158189,314.3399963378906,82.85321577151404,314.3399963378906,79.29413020087527,314.3399963378906,63.03242761152856,314.3399963378906,1144235.075,1015478.06,558801.2023809524,315358691.0409409,0.0748001928513308,21.140001569475448,0.0717412719521929,6.8989588141078535,-0.5629135767741408,8.658163330662312,11.027047518078676,314.3399963378906,292.94000244140625,1266800.0,False,True,False,0.0577256218498682,0.2098279397751411,0.286048764533702,0.7335390527457405,1.1459334729496764,0.4949400804698902,0.9374244985069842,True,False,0.2385081460403031,1.1854213897541293,1.385849486041173,2.1487842300346016,2.3442543971984557,3.011368320658394,3.61734949017622,3.634778273011487,2.047660366736181,92.0,91.0,91.0,98.0,98.0,98.0,98.0,97.0,97.0,96.0,97.0,92.3076923076923,64.0,False,tight; NR7; volDry=1.15; 50SMA=+49.5%; 252H=0.94x; prior=5.0x,SIMO
2026-06-04,41.0099983215332,41.5,39.2400016784668,40.244998931884766,4449979.0,-0.0894760770887288,41.03723889645023,39.63429579214476,38.77559967041016,38.52699966430664,36.61379974365234,32.418199920654295,26.67189992904663,35.619998931884766,47.18000030517578,27.90999984741211,47.18000030517578,26.270000457763672,47.18000030517578,19.65999984741211,47.18000030517578,19.65999984741211,47.18000030517578,19.65999984741211,47.18000030517578,2490794.475,2286197.58,1133855.869047619,118433478.5091734,0.0492010739295323,2.5428573063441684,0.0620057890860479,1.9364231270656007,-1.5848323788911385,18.94258598624218,17.904066328592247,45.83000183105469,44.790000915527344,2316600.0,False,False,True,0.0551084714467433,0.2806633164426854,0.2818825127144953,0.9956748069964708,1.519076010919406,0.1200694439981751,0.8692242063642863,False,False,0.0849206124143371,1.0384171507090378,0.3925296183061941,1.2541636432554133,1.0453865277825076,1.8417893681848991,0.9830753247749826,1.5610772196414813,2.196746996681457,93.0,79.0,79.0,89.0,89.0,95.0,95.0,65.0,82.0,81.0,91.0,88.46153846153845,40.0,False,volDry=1.52; 50SMA=+12.0%; 252H=0.87x; prior=2.4x; blind=1m,SKM
2026-06-04,37.95000076293945,38.5,37.360801696777344,37.36199951171875,678923.0,-0.0109460041865234,37.8940455980072,36.621268049764005,35.69240020751953,35.09333349863688,32.953000183105466,31.428600044250487,23.9714000082016,30.0,39.93000030517578,25.799999237060547,39.93000030517578,25.799999237060547,39.93000030517578,14.8100004196167,39.93000030517578,12.800000190734863,39.93000030517578,8.180000305175781,39.93000030517578,1220715.575,1173210.46,1597810.4087301588,44205427.92020702,0.0429364493923443,1.5167996542794364,0.0399683695332276,3.7940059445902063,-0.2768975901071356,-0.9681210783419,2.650648738880204,39.869998931884766,38.29999923706055,732700.0,False,False,True,0.0300184000084435,0.1191040939893138,0.1968379728729293,0.6050869771261189,0.8778836663287166,0.1516402316046439,0.9504132349836302,True,True,0.1352079095573284,1.086548959818902,0.2987680237759302,1.1697184857179053,1.248222905789289,2.0244354741505237,3.2688413157872995,3.360432581196116,0.7639927542906354,24.0,85.0,85.0,86.0,86.0,96.0,96.0,80.0,82.0,78.0,95.0,76.92307692307693,70.0,False,NR20; volDry=0.88; 50SMA=+15.2%; 252H=0.95x; prior=4.9x; blind=VARS,SKYT
2026-06-04,1.5049999952316284,1.5700000524520874,1.4800000190734863,1.5099999904632568,13364577.0,-0.0227272516158277,1.6785298135070628,1.6774985230429014,1.7494000101089475,1.658833344777425,1.352700003385544,1.191950002908707,1.53762499704957,0.9100000262260436,2.359999895095825,0.5899999737739563,2.359999895095825,0.5899999737739563,2.359999895095825,0.5899999737739563,2.359999895095825,0.5899999737739563,4.039999961853027,0.4199999868869781,5.139999866485596,25173086.925,20617453.54,10015638.400793651,50025445.52784285,0.1570590810158787,0.2414285796029227,0.1604176613739892,0.7018530769599649,-0.1449702710381816,-7.412511253568597,-6.211838346391929,1.7699999809265137,1.4800000190734863,22232300.0,False,True,False,0.0598006868197694,0.4385382643998683,0.6511627262253705,0.6734695441521451,1.0980341319105502,0.112589629234056,0.2928015630982207,True,True,-0.0290322312703357,0.9293487212772268,0.7499999653461373,1.5761146501896246,-0.0474683833206289,0.857716906135106,1.388888899401172,1.8805337318857176,2.5133781709816176,94.0,36.0,36.0,95.0,95.0,37.0,37.0,94.0,96.0,96.0,95.0,11.538461538461538,87.0,False,tight; NR20; volDry=1.10; 50SMA=+11.3%; 252H=0.29x; prior=12.2x; blind=1m/RS/VARS,SLNH
2026-06-04,9.039999961853027,9.220000267028809,7.974999904632568,7.974999904632568,8281784.0,0.1037851556800624,8.417798361046632,7.695517705484948,7.014799995422363,6.630000003178915,5.86580002784729,5.185100030899048,3.604200010895729,4.230000019073486,9.510000228881836,3.950000047683716,9.510000228881836,3.4600000381469727,9.510000228881836,1.919999957084656,9.510000228881836,1.3899999856948853,9.510000228881836,1.3899999856948853,9.510000228881836,8038677.1,7645481.68,5730711.841269841,91296317.3819622,0.1108699780846083,0.9146430151803152,0.1011773251150358,5.34839940079895,0.9293247391192891,6.420005935905166,6.609923799276708,8.279999732971191,7.849999904632568,7546200.0,False,False,False,0.1377212796072887,0.2820796683070076,0.5165929309734958,0.546038575819149,1.6151354377452385,0.5411367450196982,0.9505783117016738,False,False,0.8562628694631322,1.776697002359779,0.7121211368628253,1.5419995772257462,5.503597161789735,5.856231056986557,4.512195146771714,4.339200920076019,1.4027362259098946,82.0,98.0,98.0,95.0,95.0,99.0,99.0,97.0,95.0,96.0,98.0,84.61538461538461,37.0,False,volDry=1.62; 50SMA=+54.1%; 252H=0.95x; prior=6.8x,SLS
2026-06-04,46.900001525878906,47.84000015258789,45.209999084472656,45.2599983215332,31714050.0,-0.0109657668314071,43.17042359652925,38.955893412358,35.769199752807616,34.382666460673015,30.59359981536865,30.66489995956421,36.02524994850159,25.459999084472656,51.400001525878906,19.479999542236328,51.400001525878906,19.479999542236328,51.400001525878906,19.479999542236328,51.400001525878906,19.479999542236328,54.08000183105469,19.479999542236328,62.36000061035156,39576918.75,39083037.0,34307501.78571428,1679811265.4000568,0.0740261217343485,3.2192858287266324,0.0686414866521969,7.764989530569003,-0.1615254658118032,0.9492735232377124,-2.6521147951834223,50.02000045776367,45.65999984741211,51041900.0,False,False,False,0.0560767800117027,0.4081024004612123,0.4675906502993114,0.8727770758461064,1.2852500433883889,0.5330004252170011,0.7520846867678455,False,False,0.6852318237316526,1.6129969406602938,0.4547146117924545,1.310169746796253,0.4246659822150738,1.2828551589723929,0.0858995836335969,0.8548203296417534,1.15359372411313,68.0,98.0,98.0,91.0,91.0,85.0,85.0,96.0,96.0,95.0,94.0,92.3076923076923,24.0,False,volDry=1.29; 50SMA=+53.3%; 252H=0.75x; prior=3.2x; blind=VARS,SMCI
2026-06-04,169.35000610351562,171.3699951171875,154.0,155.0399932861328,2634094.0,0.0357798538441322,157.60493834322986,146.64633173870644,139.38080078125,133.12100067138672,115.0994009399414,99.44540031433104,83.57045022964478,92.8000030517578,172.36000061035156,69.16000366210938,172.36000061035156,69.16000366210938,172.36000061035156,66.75,172.36000061035156,60.27999877929688,172.36000061035156,37.02999877929688,172.36000061035156,3195854.85,3050287.88,2055924.1825396824,578738862.3911804,0.0828755750900536,14.129998343331474,0.0834366568294923,5.649039734837958,0.4140132193487824,4.963408680582559,3.80386949718357,168.6199951171875,160.8800048828125,3298400.0,False,False,False,0.1025686122890957,0.1790965499730504,0.3279598400579825,0.5460929299800446,1.5738807577729357,0.4713369897718413,0.9825365833361736,False,False,0.4989378745944479,1.434688196551457,0.944763465118826,1.75152585669969,1.3252780701057847,2.09382059059388,3.443715649207212,3.498093685033808,1.5544614325476542,86.0,96.0,96.0,96.0,96.0,97.0,97.0,96.0,96.0,95.0,94.0,100.0,37.0,False,volDry=1.57; 50SMA=+47.1%; 252H=0.98x; prior=4.7x,SMTC
2026-06-04,0.8111000061035156,0.8399999737739563,0.7821999788284302,0.7853999733924866,427346.0,0.0050805759537131,0.8804956111789796,0.8581783673629514,0.8068439972400665,0.7795699963967005,0.7273219990730285,0.6998410004377366,0.8319605007767678,0.4510000050067901,1.6699999570846558,0.3389999866485595,2.1600000858306885,0.3389999866485595,2.1600000858306885,0.3389999866485595,2.1600000858306885,0.3389999866485595,2.1600000858306885,0.3389999866485595,2.1600000858306885,34461998.65,27572886.92,5542645.420634921,20704133.045009676,0.1737114068752767,0.1615571507385798,0.199182775888133,0.5782977739107614,0.0253781691582266,-10.346236760329424,-11.25833624529346,0.8539999723434448,0.7799999713897705,787200.0,True,True,True,0.0712612433862433,0.5794600235155791,1.5028972295708407,0.3855619746408386,0.0460751390917465,0.1151869558974734,0.3755092471635641,False,False,0.400863577629337,1.340817704234358,0.2289393543534823,1.1068282051125569,-0.0366983387718441,0.8674149036897955,-0.1462105091773899,0.6721032266606973,6.217608386367301,99.0,95.0,95.0,82.0,82.0,38.0,38.0,95.0,96.0,95.0,94.0,50.0,100.0,False,inside; tight; volDry=0.05; 50SMA=+11.5%; 252H=0.38x; prior=6.4x; blind=RS/VARS,SNAL
2026-06-04,1759.6800537109375,1825.9000244140625,1725.0799560546875,1740.625,10348748.0,-0.039213729887558,1666.8019357044416,1538.861300231172,1488.39919921875,1408.9689961751303,1162.249598388672,875.0092001342773,522.670725402832,926.1099853515624,1861.0,558.5830078125,1861.0,471.1499938964844,1861.0,199.5,1861.0,181.50999450683597,1861.0,37.33000183105469,1861.0,14296068.7,15064026.96,11368172.015873017,18953338234.577957,0.0789669836506121,117.24664306640624,0.0666295232585879,7.714739167324925,-0.6125543931213883,14.639629175341264,17.176049291376362,1861.0,1708.8800048828125,11884700.0,True,True,False,0.0572945451911888,0.2747829233372127,0.3316910041199978,0.8284304365330418,0.6935778080949478,0.5140293927832158,0.945556181467457,False,False,0.2512658007548756,1.1976322071234804,2.1112289293612445,2.802087767293259,7.569174586846099,7.716201526605335,44.5403747801909,35.84939046697996,1.2575521095246318,75.0,92.0,92.0,99.0,99.0,99.0,99.0,96.0,98.0,98.0,99.0,96.15384615384616,82.0,False,inside; tight; volDry=0.69; 50SMA=+51.4%; 252H=0.95x; prior=49.9x,SNDK
2026-06-04,0.4808999896049499,0.521399974822998,0.4699999988079071,0.4959999918937683,2708122.0,0.0018750007372969,0.6212132275519053,0.6116832618897793,0.4712359988689422,0.5573633303244908,0.8092179960012436,1.0134089979529382,1.4262044982612132,0.2800000011920929,1.4299999475479126,0.2800000011920929,1.4299999475479126,0.2800000011920929,1.4299999475479126,0.2800000011920929,1.7000000476837158,0.2800000011920929,1.7000000476837158,0.2800000011920929,6.230000019073486,10956890.55,8878376.44,4888569.134920635,15699583.345407654,0.1807973954654647,0.1443857146160943,0.3002406274425258,-1.3513246862925157,0.0062333059484382,-8.525746945293843,-9.68942839862353,0.6200000047683716,0.4600000083446502,6771700.0,True,True,False,0.1068828802789433,1.621958864737859,1.7675192605801346,0.9176470666608184,4.472573613920791,-0.4057225716910392,0.0771910093310832,False,False,0.5028125011059457,1.4383967431272084,-0.5818260873260931,0.3766228817965137,-0.6956329262386505,0.2740704668114499,-0.7533846267459423,0.1941356621155953,2.24132875031497,93.0,96.0,96.0,2.0,2.0,4.0,4.0,95.0,89.0,86.0,84.0,73.07692307692307,64.0,False,inside; tight; volDry=4.47; 50SMA=-40.6%; 252H=0.08x; prior=22.2x; blind=VARS,SNGX
2026-06-04,244.17999267578125,253.0050048828125,241.46499633789065,244.3000030517578,8634387.0,0.0120192055336383,226.69818264775617,202.0482453979096,179.45000061035157,173.36666717529295,162.9346011352539,173.044500579834,204.2255005645752,133.02000427246094,284.989990234375,118.3000030517578,284.989990234375,118.3000030517578,284.989990234375,118.3000030517578,284.989990234375,118.3000030517578,284.989990234375,118.3000030517578,284.989990234375,10131992.175,9148911.74,5988116.218253968,2419662372.9018097,0.0545102675873439,17.439215523856028,0.0714195103896639,6.981818354158118,0.166291533728528,-6.127993784959913,-10.918158522747785,263.6400146484375,241.13999938964844,11359100.0,True,True,False,0.0472602542839967,0.5062003126995772,0.575436148421067,0.8796811150785968,1.6823933968784792,0.4986380484835422,0.8568019967121241,False,False,0.7230963312902501,1.6492384440496528,0.3760495738244649,1.2393211060795384,-0.0596888494962037,0.8467128614859812,0.1674874482503425,0.919046309997213,1.6920166218741686,88.0,98.0,98.0,89.0,89.0,35.0,35.0,96.0,94.0,92.0,90.0,88.46153846153845,56.0,False,inside; tight; volDry=1.68; 50SMA=+49.9%; 252H=0.86x; prior=2.4x; blind=VARS,SNOW
2026-06-04,13.539999961853027,13.81999969482422,12.84000015258789,13.0,2394081.0,0.0226586250695628,13.796978351073689,13.937185732228478,13.99879997253418,13.944999980926514,14.274800052642822,12.779100050926209,13.29980000972748,12.109999656677246,16.079999923706055,11.994999885559082,19.25,6.539999961853027,19.25,5.039999961853027,19.25,3.7200000286102295,19.25,3.7200000286102295,32.18000030517578,3382712.025,3641189.62,5608575.718253968,49064036.73154064,0.0891858629244075,1.271714278629848,0.0939227682579554,-0.5480602230428383,0.2359021957810249,-3.3229628379683227,-1.630680582037129,13.539999961853027,12.850000381469728,3092400.0,False,False,True,0.0723781052435253,0.2858197855585112,0.293205338125089,0.974810988729588,1.120116919370983,-0.0514753333202558,0.4207582297528839,False,False,-0.0504909015057755,0.90880984410141,-0.0223827011608935,0.8804782728520555,2.002217134079836,2.7033773438047906,-0.4367720696255217,0.4433731188063585,0.6031320953714587,15.0,30.0,30.0,39.0,39.0,98.0,98.0,56.0,42.0,92.0,95.0,26.923076923076923,57.0,False,volDry=1.12; 50SMA=-5.1%; 252H=0.42x; prior=8.7x; blind=1m/RS/VARS,SOC
2026-06-04,4.71999979019165,5.179999828338623,4.060100078582764,4.199999809265137,73871533.0,0.1002330611100725,4.529794538206037,3.954553567739529,3.402400016784668,3.253333346048991,3.053800020217896,2.869600005149841,3.226949999332428,2.2699999809265137,8.899999618530273,2.130000114440918,8.899999618530273,2.130000114440918,8.899999618530273,2.130000114440918,8.899999618530273,2.130000114440918,8.899999618530273,2.130000114440918,8.899999618530273,29029105.825,25572688.66,8142571.162698412,267841769.0112408,0.2024784006592219,1.0379213775907243,0.219898606721883,2.481212719664761,0.4142894034389776,-3.1468308930316446,-6.832449843640119,5.0879998207092285,4.190000057220459,56417300.0,False,False,True,0.2372669066814486,1.371822024159683,1.37499996211569,0.9976887723319516,3.49288080293705,0.5456152200348952,0.5303370778088978,False,False,0.9265304891132726,1.843952708030102,0.8437499592546365,1.6605493597784031,0.2102563268647725,1.0897877762080708,0.4567900544131535,1.1467853688324696,3.5651031160751785,96.0,98.0,98.0,96.0,96.0,74.0,74.0,97.0,95.0,94.0,92.0,92.3076923076923,31.0,False,volDry=3.49; 50SMA=+54.6%; 252H=0.53x; prior=4.2x; blind=VARS,SPCE
2026-06-04,20.040000915527344,21.57110023498535,19.0,19.299999237060547,1647811.0,0.0525210058779193,20.91803989204797,20.326189659304635,19.66759994506836,19.13033332824707,18.371399974823,14.50379997253418,12.127599980831146,15.149999618530272,25.93000030517578,10.149999618530272,25.93000030517578,8.300000190734863,25.93000030517578,6.599999904632568,25.93000030517578,6.599999904632568,25.93000030517578,6.599999904632568,25.93000030517578,2154880.275,2006934.22,899720.6785714285,35258744.72425003,0.1137907420913388,2.480721609933036,0.1237884978343952,0.7337192926394885,0.4031085132632008,2.9802954251116383,5.176523124861637,21.3700008392334,18.524999618530277,1379000.0,False,False,True,0.1282984090581162,0.3782434918869159,0.498503007405157,0.7587586960724181,0.8823264272209181,0.0908260090679573,0.7728500069291261,False,False,0.2174970856730993,1.1653109363345615,1.049079904160604,1.8454770973197656,1.5528663896799562,2.29875483731018,0.914040153240065,1.506732721330793,2.395054739012453,94.0,90.0,90.0,97.0,97.0,97.0,97.0,84.0,93.0,95.0,96.0,65.38461538461539,66.0,False,volDry=0.88; 50SMA=+9.1%; 252H=0.77x; prior=3.9x; blind=RS,SPIR
2026-06-04,11.539999961853027,15.739999771118164,10.5,13.520000457763672,8792109.0,0.2198731411541818,8.534232228763894,7.387893313724293,6.7012400054931645,6.896699984868367,5.694879989624024,5.9694600009918215,16.23111002922058,4.0,15.739999771118164,2.9800000190734863,15.739999771118164,2.9800000190734863,15.739999771118164,2.9800000190734863,18.13500022888184,2.9800000190734863,33.75,2.9800000190734863,80.0999984741211,1664062.725,1333302.18,474926.4285714286,24726459.59361329,0.1622023740550091,2.1325714588165283,0.1847982206123068,5.554066405395123,0.9753482890839924,-7.044547519372087,-10.15903519810366,11.149999618530272,8.399999618530273,169900.0,False,False,False,0.4540727719618427,1.0090987885113152,1.017331006059468,0.9919080245277891,3.454251383583578,1.0263815888796102,0.1440699148774815,False,False,0.6700434466977474,1.598459590163888,1.075539582844668,1.8693076619135285,-0.2673015897236173,0.659765830958144,-0.8004633946307447,0.1570752483453351,3.503832646259496,96.0,97.0,97.0,97.0,97.0,19.0,19.0,99.0,98.0,98.0,98.0,100.0,34.0,False,volDry=3.45; 50SMA=+102.6%; 252H=0.14x; prior=26.9x; blind=VARS,SPRC
2026-06-04,29.86000061035156,29.88999938964844,28.25,28.31999969482422,489152.0,0.0566171397208454,29.90909055931274,29.62656273563349,29.703200073242183,29.065000089009605,26.39560001373291,22.54749994277954,24.316049995422365,24.26000022888184,35.869998931884766,16.829999923706055,35.869998931884766,15.59000015258789,35.869998931884766,15.59000015258789,35.869998931884766,15.59000015258789,35.869998931884766,15.59000015258789,35.869998931884766,1128398.8,1066897.04,1314420.4444444445,33332601.89834404,0.0513662190934647,1.4335708618164062,0.0480097398698455,2.733802984054768,1.1160943794870704,-0.0647039097451633,-1.518101935414268,28.959999084472656,28.030000686645508,395500.0,False,False,True,0.0549229523150076,0.1952444676670559,0.3178164627306895,0.6143308813820058,0.8398141211451856,0.1312491701198768,0.8324505575551906,False,False,0.0877959847150851,1.04116927457654,0.6079699031268193,1.448197126610169,0.1520061929961598,1.0373358431395228,0.7421237849276276,1.3714001281089532,0.8584763001589886,34.0,79.0,79.0,94.0,94.0,68.0,68.0,77.0,90.0,90.0,88.0,57.692307692307686,58.0,False,volDry=0.84; 50SMA=+13.1%; 252H=0.83x; prior=2.3x; blind=1m/RS/VARS,STAA
2026-06-04,22.709999084472656,38.150001525878906,18.8700008392334,24.790000915527344,100952391.0,3.505952233404978,8.147217701789815,6.672162937082708,5.709999904632569,5.4676665703455605,5.8003999376297,5.842099967002869,7.098274985551834,3.6050000190734863,38.150001525878906,3.6050000190734863,38.150001525878906,2.940000057220459,38.150001525878906,2.940000057220459,38.150001525878906,2.940000057220459,38.150001525878906,2.940000057220459,38.150001525878906,2597997.275,2089501.82,1336609.488095238,114881026.60680342,0.130388250998432,2.717428616115025,0.1196578038601944,24.36320084895187,6.502470393456577,-0.8849833627204235,-6.677286266578641,5.150000095367432,4.71999979019165,57600.0,False,False,False,0.8489652780227404,1.4834875757774273,1.487406564269505,0.9973652203868,4.852984095510383,2.9152471085904064,0.5952817346302703,False,False,3.7911392787083145,4.585774425812445,4.5390242957841895,4.988650007552984,1.607347759473046,2.3478131479454065,5.582608339301284,5.181830360110642,1.9437220056714752,91.0,99.0,99.0,99.0,99.0,97.0,97.0,99.0,99.0,99.0,99.0,100.0,36.0,False,volDry=4.85; 50SMA=+291.5%; 252H=0.60x; prior=13.0x; blind=VARS,STI
2026-06-04,78.36000061035156,78.63500213623047,74.72000122070312,75.0,12793063.0,-0.0169363754814554,72.35202729990507,66.99275340995477,64.27559982299805,62.00366655985514,52.45439987182617,41.92525842666626,34.00726366996765,48.09999847412109,81.41999816894531,30.29363708139072,81.41999816894531,27.192478839616797,81.41999816894531,25.417538497665863,81.41999816894531,20.978391985654756,81.41999816894531,20.978391985654756,81.41999816894531,12050136.575,11531985.26,7980497.869047619,803826831.2555412,0.0451411440234583,4.047141756330218,0.0516480567229038,9.562198601281978,-0.333568368839449,15.98961329447594,15.858178776409082,81.41999816894531,78.08999633789062,15336700.0,False,False,False,0.0499617264552466,0.2246043687727599,0.3346094589302763,0.6712433339177105,1.0589561142050925,0.4938689757546834,0.9624171256766144,False,False,0.3704092373580947,1.311668742651988,1.3591531324557602,2.1247405072769907,2.273208466622374,2.947394280636878,2.09102516287746,2.433255513203527,1.509947972260789,85.0,95.0,95.0,98.0,98.0,98.0,98.0,94.0,97.0,97.0,96.0,92.3076923076923,37.0,False,volDry=1.06; 50SMA=+49.4%; 252H=0.96x; prior=3.9x,STM
2026-06-04,925.989990234375,941.489990234375,885.0,891.5449829101562,2323673.0,-0.0156268400523869,884.5209703612256,829.4397841671093,813.8379956054688,777.933662923177,657.2877978515625,523.7458651733399,382.4233081054688,553.2000122070312,966.7999877929688,351.4200134277344,966.7999877929688,341.40447161248795,966.7999877929688,273.5140702703657,966.7999877929688,227.61473970579453,966.7999877929688,122.15559550622258,966.7999877929688,4019994.325,3982643.46,4130870.527777778,2898511198.279297,0.057140310607572,48.10642351422991,0.0519513429103632,7.868987613597807,-0.3055727516863309,12.543509281212907,11.589166197514098,966.7999877929688,919.0,2902300.0,False,False,False,0.0610049685527129,0.2303804785577091,0.2933724727151446,0.7852832149708923,0.8011154731887549,0.4088044738714205,0.9577885828776688,False,False,0.2010090381522562,1.149529623737645,1.525195497084063,2.2742843979198875,2.484988902256589,3.1380941554246222,6.611171270693287,5.9915152677406205,0.9731591193594188,49.0,89.0,89.0,98.0,98.0,98.0,98.0,94.0,97.0,96.0,97.0,96.15384615384616,48.0,False,volDry=0.80; 50SMA=+40.9%; 252H=0.96x; prior=7.9x,STX
2026-06-04,72.80999755859375,79.69999694824219,64.0199966430664,69.11000061035156,640533.0,-0.0058711130218164,59.08012222506238,50.13546229804985,41.499599609375,40.94099973042806,41.62759983062744,41.39964270591736,0.0,26.399999618530277,83.30000305175781,11.25,83.30000305175781,11.25,83.30000305175781,0.0,0.0,0.0,0.0,0.0,0.0,788925.825,1199030.66,0.0,39671258.78088608,0.167420861715561,8.912142617361885,0.1224027319900656,6.1197971126812405,-0.048248813291889,-0.6488504632739094,-4.612871915434945,74.62000274658203,64.0,855000.0,False,False,False,0.2153550450617351,0.7114408019320675,0.781486132964602,0.9103690672452311,0.9010973080538242,0.7490798858170995,0.0,False,False,1.428619035034267,2.3245199968187915,0.0,0.0,0.0,0.0,0.0,0.0,0.0,0.0,99.0,99.0,0.0,0.0,0.0,0.0,98.0,99.0,99.0,0.0,92.3076923076923,26.0,False,volDry=0.90; 50SMA=+74.9%; blind=VARS,SWMR
2026-06-04,9.4399995803833,9.59000015258789,9.163700103759766,9.279999732971191,1286291.0,0.0107065766768432,9.017471830552385,8.453831813300392,8.026429214477538,7.768392213185629,7.193819360733032,7.0384627628326415,7.113822402954102,5.928672411366047,9.739999771118164,5.6627684001171605,9.739999771118164,5.436257763139787,9.739999771118164,5.436257763139787,9.739999771118164,5.436257763139787,9.739999771118164,5.436257763139787,9.739999771118164,1585904.775,1511477.82,1351292.8214285714,15601863.929423666,0.0409030771733041,0.3733072280883789,0.0395452589705752,7.895700133515032,0.267874341216173,0.8668767156147084,0.8550438818338162,9.510000228881836,9.229999542236328,1349100.0,False,False,False,0.0451589054849105,0.1991525128359618,0.2795954154112645,0.7122881916465725,1.2675469495146148,0.3122375065338572,0.969199158338335,False,False,0.3500587258866012,1.2921905247106098,0.5287746914764795,1.3768709918794864,0.4902868813956178,1.3419441735913014,0.2225900888452343,0.9624231176757304,1.1736203655129311,70.0,94.0,94.0,92.0,92.0,88.0,88.0,93.0,88.0,87.0,85.0,96.15384615384616,17.0,False,volDry=1.27; 50SMA=+31.2%; 252H=0.97x; prior=1.8x; blind=VARS,SXC
2026-06-04,141.08999633789062,145.0,137.0,140.5,755979.0,-0.0268312836548768,138.99641776919634,130.62575421067314,126.17199951171877,119.98599955240886,102.2486001586914,92.22710021972657,81.55600017547607,83.05000305175781,149.11000061035156,64.52999877929688,149.11000061035156,64.52999877929688,149.11000061035156,64.52999877929688,149.11000061035156,58.27999877929688,149.11000061035156,58.27999877929688,149.11000061035156,921474.475,877457.58,588886.4246031746,131681902.78667144,0.0753842201953141,9.013571602957589,0.0638852635687321,5.94616245862542,-0.4315713638278556,3.7452838162317335,4.318259161360864,147.97999572753906,142.38999938964844,444400.0,False,True,True,0.0567013977436155,0.1637252751697566,0.3125664442467474,0.5238095073331286,0.9002918408887641,0.379872155891785,0.9462141758458006,False,False,0.352862164151005,1.2948737978841487,0.9040485727832412,1.7148565198072656,0.989705105787236,1.791650458182646,1.2734449438573816,1.7896562312213575,1.5647745244270868,86.0,94.0,94.0,96.0,96.0,95.0,95.0,95.0,95.0,93.0,92.0,76.92307692307693,76.0,False,tight; volDry=0.90; 50SMA=+38.0%; 252H=0.95x; prior=2.6x,SYNA
2026-06-04,78.4800033569336,79.54000091552734,73.30000305175781,73.56999969482422,952961.0,0.0674647298740724,73.30696685548979,72.34476536022966,72.95860015869141,72.50983327229818,66.40009994506836,52.007000064849855,37.71662501811981,64.66999816894531,79.54000091552734,39.0,79.54000091552734,30.920000076293945,79.54000091552734,28.0,79.54000091552734,21.145000457763672,79.54000091552734,13.93000030517578,79.54000091552734,1273411.525,1189785.22,823477.623015873,72820969.12212029,0.0572151831595801,4.307857513427734,0.0548911484347833,3.3143045382722995,1.1513859728198257,8.095398780818503,6.323999520091419,76.1050033569336,69.81500244140625,1679700.0,False,False,False,0.0795106727428323,0.1406727885231668,0.1894750523767439,0.7424343561782435,0.6943657444324279,0.1819259823683807,0.98667340273582,False,False,0.1051964652299568,1.0578239101235698,0.9334812284283758,1.7413646573357755,1.763380437009844,2.488314379704402,3.736270657955865,3.728393035715991,1.5463826695573173,85.0,82.0,82.0,96.0,96.0,98.0,98.0,75.0,93.0,96.0,95.0,100.0,57.0,False,volDry=0.69; 50SMA=+18.2%; 252H=0.99x; prior=5.7x,SYRE
2026-06-04,11.65999984741211,12.48989963531494,10.899999618530272,11.225000381469728,41677559.0,0.0139130302097485,10.410814392448668,9.033479589852464,7.746000003814697,7.314333327611288,6.372800011634826,6.921200006008148,5.372150009274483,4.59499979019165,12.48989963531494,3.740000009536743,12.48989963531494,3.740000009536743,12.48989963531494,3.740000009536743,12.48989963531494,2.5199999809265137,12.48989963531494,1.059999942779541,12.48989963531494,31731001.475,28547189.18,14224054.599206349,409809793.9271051,0.1446459086596774,1.4107070650373186,0.1209868853772257,6.857362985671577,0.1134181938812908,-0.5463325813884667,-2.5731433446594068,12.369999885559082,11.420000076293944,41383700.0,False,False,False,0.136355063258216,0.4090823248322727,0.6406432034427807,0.6385493869815324,1.833633271911501,0.8296509895374777,0.9335543269253896,False,False,1.1835205082833933,2.089927243322073,0.712187950864066,1.5420597523847626,1.4599156984055126,2.2150564298799185,9.228070169934936,8.051538508751168,2.2307986273316525,93.0,99.0,99.0,95.0,95.0,97.0,97.0,98.0,98.0,97.0,96.0,96.15384615384616,41.0,False,volDry=1.83; 50SMA=+83.0%; 252H=0.93x; prior=11.8x; blind=VARS,TE
2026-06-04,29.290000915527344,30.1299991607666,28.530000686645508,29.309999465942383,3871514.0,-0.0134725365892611,27.67145288330208,25.64957502560112,24.059200134277344,23.445333417256677,21.294800148010253,21.180700092315675,24.57045002937317,19.020000457763672,30.93000030517578,15.729999542236328,30.93000030517578,15.729999542236328,30.93000030517578,15.729999542236328,30.93000030517578,15.729999542236328,30.93000030517578,15.729999542236328,35.689998626708984,3852197.85,3737166.28,2180820.6904761903,102826892.78954926,0.0611951981849565,1.717142922537667,0.0586255673903843,6.4042569209966205,-0.2329448604890365,-4.1132226042356335,-8.043961600348974,30.8799991607666,29.56999969482422,6409200.0,False,True,False,0.0546260984673747,0.2263571478620374,0.3711164390394725,0.6099356537476415,1.1379320804532145,0.3754531957072227,0.8206781183120546,False,False,0.3934348371866554,1.3337073853819217,0.3829084274550134,1.2454984431679283,0.1061178784693326,0.9960152376346731,-0.1053757051334707,0.7042483910753267,1.7663982494401491,89.0,95.0,95.0,89.0,89.0,63.0,63.0,92.0,92.0,90.0,88.0,92.3076923076923,53.0,False,tight; volDry=1.14; 50SMA=+37.5%; 252H=0.82x; prior=2.3x; blind=VARS,TENB
2026-06-04,406.8599853515625,413.8699951171875,388.0899963378906,397.8900146484375,4210437.0,-0.0068592476482722,383.3357998753406,372.3296505582216,362.4019213867188,365.5619272867838,355.77662536621096,319.8919709777832,239.3885749435425,301.7460114777026,421.9506269999966,272.96690613152737,421.9506269999966,235.23276472791812,421.9506269999966,182.0151211582944,421.9506269999966,151.28516580197692,421.9506269999966,80.86300070878033,421.9506269999966,3699675.925,3558170.74,3623778.718253968,1349913839.683313,0.0575493106692179,22.976957024996064,0.0564738677978911,2.542462235349761,-0.1222976599170601,6.369609703111159,6.5371074419819895,420.6000061035156,393.6000061035156,3254600.0,False,False,False,0.0633633183588224,0.1899179627224387,0.2735752664519829,0.6942073572128732,0.9518665481465908,0.1435826761602732,0.964236001364126,False,False,0.1397749942613662,1.0909202834264975,0.3319381205688816,1.199592700882954,1.143749878899409,1.93036166092536,4.007999395974327,3.942297942676941,1.020944216699468,55.0,85.0,85.0,87.0,87.0,96.0,96.0,86.0,83.0,87.0,92.0,96.15384615384616,49.0,False,volDry=0.95; 50SMA=+14.4%; 252H=0.96x; prior=5.2x,TER
2026-06-04,16.809999465942383,17.020000457763672,16.434999465942383,16.760000228881836,1392914.0,-0.0146541622406897,17.305927475945122,17.0689135431273,17.06079990386963,16.586666584014893,15.242799892425538,11.501899943351743,9.742699964046478,13.75,18.93000030517578,8.5,18.93000030517578,6.380000114440918,18.93000030517578,6.380000114440918,18.93000030517578,5.96999979019165,18.93000030517578,5.96999979019165,18.93000030517578,1548562.85,1571510.28,639937.753968254,28592852.24073734,0.0451954177900715,0.711571284702846,0.0423302383884373,2.428895567236512,-0.3513351443129139,3.664237489718566,4.451543291392219,17.059999465942383,16.280000686645508,2271400.0,True,True,True,0.0348007739682871,0.145151618336009,0.2266508352564726,0.6404195165297273,1.1234042961526156,0.1028157283817403,0.888008409664222,False,False,0.0741213978074875,1.0280808279093587,1.1251580012914992,1.9139958435031896,1.1690321891538558,1.9531273776235507,1.32503449814604,1.8302675367856684,2.4198648077838225,94.0,77.0,77.0,97.0,97.0,96.0,96.0,76.0,93.0,96.0,95.0,34.61538461538461,88.0,False,inside; tight; volDry=1.12; 50SMA=+10.3%; 252H=0.89x; prior=3.2x; blind=1m/RS,TH
2026-06-04,22.149999618530277,22.780000686645508,21.46999931335449,21.46999931335449,1233363.0,0.0316721158324777,21.59522598149654,21.8326853447602,22.05239997863769,22.549333318074545,22.47979995727539,18.10789996147156,13.196999971866608,19.34199905395508,27.280000686645508,16.290000915527344,28.40999984741211,10.800000190734863,28.40999984741211,8.300000190734863,28.40999984741211,7.369999885559082,28.40999984741211,2.9600000381469727,28.40999984741211,2975059.075,2903929.26,2921689.138888889,65177445.168264106,0.0786564274805681,1.682499885559082,0.0759593640873715,-0.1931422715660277,0.4041606843556024,2.8146858046737133,6.257517960401089,21.71999931335449,21.170000076293945,1327200.0,False,False,True,0.0591422752077653,0.182844212497069,0.2897517510364911,0.6310374720532465,0.8224533334534464,-0.0146709641265458,0.7796550417985284,False,False,-0.0847107884206602,0.8760567402695423,0.3161021817552525,1.1853302690784309,1.1974206137083492,1.978690026938871,5.836419615226264,5.3816306379843954,1.018266808539189,55.0,22.0,22.0,87.0,87.0,96.0,96.0,63.0,75.0,92.0,95.0,50.0,77.0,False,volDry=0.82; 50SMA=-1.5%; 252H=0.78x; prior=9.6x; blind=1m/RS,TNGX
2026-06-04,7.809999942779541,7.929999828338623,7.679999828338623,7.880000114440918,1697508.0,-0.0322180621904398,8.066699942110354,8.281105790328747,8.567344150543214,8.768499199549357,8.953647394180297,7.91273904800415,5.942387636899948,7.369999885559082,10.52996642607579,6.453208255875475,10.52996642607579,5.8928264377839215,10.52996642607579,4.027258886072687,10.52996642607579,2.781756972153195,10.52996642607579,2.781756972153195,10.52996642607579,2961365.2,3063188.16,3868902.015873016,26215820.218228243,0.0637216570265601,0.4592856679643903,0.0588073842931339,-2.1720024781224105,-0.5660959402391721,-1.243785047036945,3.920208979197704,8.550000190734863,8.0600004196167,1870200.0,False,True,False,0.0320102435123739,0.1677337297329705,0.2989336294713959,0.5611069254053952,0.8439020605250707,-0.1277297844165837,0.7416927677413402,True,True,-0.2505222490065691,0.7173525341863358,0.078918467492776,0.9717138495137948,1.0551378361206845,1.8505700342248863,0.4441775520919899,1.1368568049447223,0.765427810745879,24.0,5.0,5.0,67.0,67.0,95.0,95.0,35.0,59.0,68.0,89.0,7.6923076923076925,93.0,False,tight; NR20; volDry=0.84; 50SMA=-12.8%; 252H=0.74x; prior=3.8x; blind=1m/RS/VARS,TROX
2026-06-04,12.670000076293944,13.829999923706056,12.020000457763672,12.300000190734863,976176.0,0.0620284788087657,12.9987543057792,12.93765133848415,13.347600059509276,13.381000073750814,10.641000061035156,8.189500012397765,6.057125005722046,10.5,21.3799991607666,5.340000152587891,21.3799991607666,4.420000076293945,21.3799991607666,4.420000076293945,21.3799991607666,3.25,21.3799991607666,2.444999933242798,21.3799991607666,1908109.4,1536657.52,346420.14285714284,19928399.088488005,0.1774494132049733,2.727142810821533,0.2152441037410979,0.885866627349621,0.2713461752651098,0.4122732114633258,2.6767382820624714,13.300000190734863,11.729999542236328,587500.0,False,True,True,0.1428570998455604,0.4664561808858979,0.8587213176993973,0.5431985572869927,0.6334707554094422,0.1906775682380184,0.5926099426394762,False,False,-0.0579925460247131,0.9016297460943749,1.4272031773067888,2.1860288928539315,2.0166668218279717,2.7163887139818303,4.224742402238795,4.1129180726180286,5.508078670780032,99.0,28.0,28.0,98.0,98.0,98.0,98.0,73.0,96.0,97.0,96.0,34.61538461538461,92.0,False,tight; volDry=0.63; 50SMA=+19.1%; 252H=0.59x; prior=8.7x; blind=1m/RS/VARS,TRT
2026-06-04,261.3099975585937,267.0,248.63999938964844,252.4320068359375,1287594.0,-0.0246351611111902,265.2667985903398,256.6795720429656,250.8988006591797,242.34466705322265,224.8894006347656,178.53500045776366,133.20615028381349,184.13999938964844,302.8599853515625,115.63999938964844,302.8599853515625,108.43000030517578,302.8599853515625,108.43000030517578,302.8599853515625,80.62999725341797,302.8599853515625,37.47999954223633,302.8599853515625,2421214.85,2700437.88,1797024.1825396826,618978144.6454071,0.0810740321468688,21.99285888671875,0.0841638631977227,1.9242097492418009,-0.3000976879591264,4.370740011514606,4.478600633011948,276.8699951171875,263.760009765625,1166600.0,False,False,True,0.0702613783700896,0.2368068202600937,0.3902261180766696,0.6068451323229143,0.7008638910071873,0.1619489260989113,0.8628079317089804,False,False,0.1586485122731327,1.1089848169724317,1.167828070133465,1.9524260846221488,1.2437746832631875,2.020430026356371,5.4489139833789535,5.076586141286694,1.3473468379140936,80.0,87.0,87.0,97.0,97.0,96.0,96.0,89.0,95.0,95.0,94.0,57.692307692307686,61.0,False,volDry=0.70; 50SMA=+16.2%; 252H=0.86x; prior=8.1x; blind=RS,TSEM
2026-06-04,14.489999771118164,14.880000114440918,13.489999771118164,13.640000343322754,1118745.0,0.0402009658057445,13.999647518071397,13.624882273349378,13.387199935913086,13.69066661198934,13.689999961853028,11.857199969291688,12.647549958229066,10.3100004196167,17.489999771118164,10.279999732971191,17.489999771118164,7.420000076293945,17.489999771118164,6.869999885559082,17.489999771118164,6.869999885559082,21.770000457763672,6.869999885559082,31.940000534057617,1828888.625,1761370.9,2136775.972222222,28320728.820732597,0.0883664422470724,1.263571126120431,0.0872029776452456,0.6701239223930182,0.4431879253697106,2.884445101378778,3.3192969628960896,14.739999771118164,13.5600004196167,1585900.0,False,False,True,0.0959282515720488,0.462387847832803,0.4955141107602239,0.9331476900292544,1.273084788672278,0.0584368014239826,0.453663103595364,False,False,-0.0886792378138713,0.8722583923863172,0.525263133801912,1.3737083532477896,0.6280899317062005,1.466030349733588,-0.0429326656185488,0.7534035619829058,0.8559103288202821,34.0,22.0,22.0,92.0,92.0,90.0,90.0,88.0,78.0,91.0,91.0,57.692307692307686,53.0,False,volDry=1.27; 50SMA=+5.8%; 252H=0.45x; prior=4.6x; blind=1m/RS,TSSI
2026-06-04,184.83999633789065,191.3000030517578,174.10899353027344,180.3999938964844,1838014.0,-0.0251055359303427,180.73875529933767,173.02485553978093,170.96400085449218,165.84500020345052,143.3329998779297,120.66560005187988,90.61344985961914,127.0,200.67999267578125,86.75,200.67999267578125,81.80000305175781,200.67999267578125,61.380001068115234,200.67999267578125,55.43999862670898,200.67999267578125,31.82999992370605,200.67999267578125,2493390.35,2296686.28,2353794.896825397,467440890.6735504,0.0770752404874439,14.545070103236608,0.0786900583824291,3.6800629696266167,-0.3272593209822887,6.984280989571952,6.910508642529109,191.1199951171875,176.0,2567700.0,False,False,True,0.0930048142289449,0.1871888743249983,0.2829473535444325,0.6615678569886437,1.35320676013269,0.2895843699309341,0.9210683829180633,False,False,0.1582904763566701,1.1086421277175955,0.8680141691623795,1.6824026040459286,1.7691385219159643,2.493499306571353,4.706699593114654,4.492314852013726,1.0593065493356613,59.0,87.0,87.0,96.0,96.0,98.0,98.0,90.0,94.0,94.0,96.0,80.76923076923077,42.0,False,volDry=1.35; 50SMA=+29.0%; 252H=0.92x; prior=6.3x,TTMI
2026-06-04,46.18000030517578,47.560001373291016,44.68999862670898,44.7400016784668,1385567.0,0.0216814054357241,45.18988828433422,44.23767155920703,44.309599609375,43.69533297220866,39.63299983978271,34.45154989242554,31.97129988670349,39.75,48.61000061035156,26.149999618530277,48.61000061035156,26.149999618530277,48.61000061035156,22.59000015258789,48.61000061035156,22.59000015258789,48.61000061035156,13.880000114440918,48.61000061035156,2659056.675,2417201.34,1999480.0277777775,104455710.71795844,0.0487948078906059,2.0720716203962053,0.0448694587852562,3.681582993365686,0.4729564039147161,-1.9954545982400624,-3.223019383410499,45.56999969482422,43.09000015258789,1769800.0,False,False,True,0.0621481751324364,0.1344738600721471,0.1572109590353722,0.8553720484708113,0.7510076508562584,0.1651906363853219,0.9500102802990232,False,False,0.0308035957950114,0.9866197771872486,0.6909557381268243,1.522937236834032,0.3586348345028634,1.223396731837232,1.9987013927980248,2.360578226313894,1.3298740862919625,79.0,67.0,67.0,95.0,95.0,83.0,83.0,66.0,90.0,88.0,90.0,76.92307692307693,60.0,False,volDry=0.75; 50SMA=+16.5%; 252H=0.95x; prior=3.5x; blind=1m/VARS,TVTX
2026-06-04,236.63999938964844,238.4799041748047,222.6199951171875,226.0,3858702.0,0.0412743338446677,211.7106167290584,198.914035752572,196.338798828125,187.31699879964196,164.72339950561525,142.95329986572267,130.88875007629397,138.77999877929688,238.4799041748047,112.98999786376952,238.4799041748047,105.0,238.4799041748047,105.0,238.4799041748047,105.0,238.4799041748047,91.83999633789062,238.4799041748047,3000482.55,2787370.04,2737842.071428572,610496492.6432632,0.0539610528700023,12.037850516183036,0.0508698890603091,8.582485124289498,0.7792092840995598,4.518492284947246,-0.3000867564409334,227.9600067138672,215.3800048828125,3220500.0,False,False,False,0.0670212521066756,0.2456047317205812,0.2456047317205812,1.0,1.134180304241198,0.4365900661343602,0.992284864456304,False,False,0.2099396521841843,1.1580774406663688,0.8858781722894538,1.6984915855300202,0.8235338799311949,1.642019866153807,1.014300243682127,1.585657480906457,1.095929740181977,63.0,90.0,90.0,96.0,96.0,93.0,93.0,95.0,94.0,94.0,92.0,100.0,32.0,False,volDry=1.13; 50SMA=+43.7%; 252H=0.99x; prior=2.6x,TWLO
2026-06-04,73.93000030517578,80.5,72.08000183105469,73.0199966430664,2015757.0,0.0221208134054566,67.06991659011285,63.08963481300737,59.87600021362304,59.78466682434082,56.84700004577637,51.3638000869751,40.72625001907349,48.0,80.5,41.52000045776367,80.5,39.65999984741211,80.5,30.209999084472656,80.5,23.299999237060547,80.5,23.299999237060547,80.5,1501906.425,1435573.14,1447167.2896825396,92191599.6645626,0.0746700698275344,4.928570883614676,0.0666653708003519,4.507713417955171,0.3246374074562634,5.471892713442749,4.185969245175829,72.98999786376953,68.83000183105469,1431500.0,False,True,False,0.1138914937669198,0.3882050675567248,0.439605029972179,0.8830769465519831,1.1686800576388603,0.3005083864697033,0.9183850969587054,False,False,0.3038800583843781,1.247991235119746,0.5193177257913126,1.368353699046407,1.4892255355571518,2.2414487746596823,1.3941062925644347,1.8846408646362132,1.0378250225165526,57.0,93.0,93.0,92.0,92.0,97.0,97.0,92.0,90.0,90.0,94.0,100.0,54.0,False,tight; volDry=1.17; 50SMA=+30.1%; 252H=0.92x; prior=3.5x,TWST
2026-06-04,33.5,35.64500045776367,32.15999984741211,32.15999984741211,3763767.0,0.0416666716090086,28.78866491290845,26.416257617259408,24.343000106811523,23.864166831970216,23.4121000289917,21.742150020599365,18.247475032806395,19.530000686645508,35.64500045776367,15.899999618530272,35.64500045776367,15.899999618530272,35.64500045776367,15.18000030517578,35.64500045776367,12.34000015258789,35.64500045776367,8.944999694824219,35.64500045776367,2834901.675,2703109.34,2881314.154761905,77072024.64152488,0.0750538996015355,2.0486429759434293,0.0611535216699531,7.0459397351870034,0.6540915954234542,1.5369373991118014,1.0684017769084406,32.310001373291016,29.91200065612793,3380700.0,False,False,False,0.1040298689657182,0.3765671573468108,0.4723880824758045,0.7971563452092346,1.222165397127443,0.4308840282809421,0.9398232450493214,False,False,0.5220354226094384,1.4567957035189176,0.5480591933854135,1.3942393270692923,0.8673355073988434,1.681461492801545,2.677277855377954,2.894753728517083,0.9838919058217932,50.0,96.0,96.0,92.0,92.0,94.0,94.0,95.0,94.0,93.0,92.0,100.0,34.0,False,volDry=1.22; 50SMA=+43.1%; 252H=0.94x; prior=4.0x; blind=VARS,TXG
2026-06-04,93.69000244140624,94.9499969482422,85.4000015258789,87.66000366210938,822714.0,0.0123176591254232,88.29723863264594,85.41343816042107,83.91000030517579,83.01166687011718,77.67140014648437,65.19550010681152,45.84910002708435,68.94000244140625,94.9499969482422,54.06999969482422,94.9499969482422,41.869998931884766,94.9499969482422,23.81999969482422,94.9499969482422,21.489999771118164,94.9499969482422,19.51000022888184,94.9499969482422,1051390.35,1059576.28,813554.8174603175,89752213.44612274,0.0706165728709484,6.181427546909878,0.0659774510175271,3.1258486920562256,0.1844233198556744,9.663151716300652,13.172313302315043,93.8000030517578,88.41999816894531,1108200.0,False,False,False,0.1019318515690705,0.1671469273630194,0.2418614093524697,0.691085559331347,1.0728641452789032,0.2062355289683408,0.9867299152466243,False,False,0.1268944326342076,1.0785918273612731,0.679333230039985,1.5124695764738263,2.6412749361931454,3.278823524563569,3.550267204812558,3.581971087013857,1.2923411274020062,77.0,84.0,84.0,94.0,94.0,99.0,99.0,86.0,89.0,94.0,98.0,100.0,37.0,False,volDry=1.07; 50SMA=+20.6%; 252H=0.99x; prior=4.9x,UCTT
2026-06-04,5.849999904632568,5.985000133514404,5.715000152587891,5.75,2428733.0,0.0263158070853988,5.584999837342679,5.243152458158214,5.010399990081787,4.813999986648559,4.430199990272522,4.534549987316131,4.580324997901917,3.553999900817871,6.224999904632568,3.0199999809265137,6.224999904632568,3.0199999809265137,6.659999847412109,3.0199999809265137,6.659999847412109,3.0199999809265137,6.659999847412109,3.0199999809265137,6.659999847412109,5928988.325,5720428.66,4427931.48015873,25835948.79703968,0.0659841491352877,0.3685714517320905,0.0630036679898441,5.086721723884583,0.4069769773608636,-3.7731907647738727,-3.102310787248342,5.755000114440918,5.5,3174500.0,False,False,False,0.0461538436458268,0.289743542300225,0.3512820276648697,0.8248174386440467,0.7751452843046206,0.3204821266483522,0.8783783841835545,False,False,0.3386727821124737,1.2812926219914869,0.5810810349299322,1.4239800180779705,0.2289915175081371,1.1066580716114909,0.4480197920470643,1.1398814168650706,1.338997306432452,79.0,94.0,94.0,93.0,93.0,76.0,76.0,94.0,93.0,91.0,89.0,88.46153846153845,42.0,False,volDry=0.78; 50SMA=+32.0%; 252H=0.88x; prior=2.2x; blind=VARS,ULCC
2026-06-04,32.29999923706055,32.93000030517578,27.11000061035156,28.0,8158039.0,0.1191960690906956,26.496345652812657,22.412037800717517,18.797200050354004,18.125333309173584,16.395399971008302,15.957200021743777,13.856400017738345,12.94499969482422,34.36000061035156,10.640000343322754,34.36000061035156,10.640000343322754,34.36000061035156,8.65999984741211,34.36000061035156,7.244999885559082,34.36000061035156,6.119999885559082,34.36000061035156,6509005.975,6202444.78,4488159.281746032,234790330.45259744,0.1471786594815172,4.07514272417341,0.126165412397213,7.688832563410712,0.8441418766275833,4.077765588904171,1.603239179958291,32.47999954223633,28.26000022888184,9139000.0,False,False,False,0.1801857533218278,0.6386997385574137,0.6630031399801423,0.9633434595446162,2.267638713262353,0.970064731215833,0.940046526871411,False,False,1.3767475257099084,2.2748718803582606,1.1166447413236575,1.906328486919252,2.5888888041178384,3.231651892314073,3.908814530634252,3.864219600477222,1.4502618036469943,83.0,99.0,99.0,97.0,97.0,99.0,99.0,98.0,98.0,97.0,97.0,96.15384615384616,32.0,False,volDry=2.27; 50SMA=+97.0%; 252H=0.94x; prior=5.6x,UMAC
2026-06-04,20.790000915527344,20.975000381469727,19.91010093688965,20.21999931335449,17521664.0,-0.0294117254212261,20.87104815301117,19.090244604657617,17.814399948120116,16.857999928792317,14.082199954986573,12.042600002288818,9.742200000286102,11.460000038146973,23.690000534057617,8.289999961853027,23.690000534057617,8.289999961853027,23.690000534057617,7.699999809265137,23.690000534057617,6.96999979019165,23.690000534057617,6.559999942779541,23.690000534057617,15054086.6,13973545.28,9574882.396825396,314426209.7204277,0.0460670954500561,1.262850216456822,0.0607431534797885,7.841737967115529,-0.498870849889221,13.29444052085138,14.506053742205069,21.5,20.57999992370605,16532100.0,False,False,True,0.0512217122503703,0.2746513102631315,0.4454064368013499,0.6166307614131434,1.1999171336996592,0.4763318928847837,0.8775854979673332,False,False,0.4839400839315069,1.4203332632328949,1.1323077862079325,1.920435204060701,1.6722365494691265,2.4062429273078094,1.8194972527877589,2.219508698020907,1.5722476763778594,86.0,96.0,96.0,97.0,97.0,97.0,97.0,96.0,96.0,95.0,95.0,73.07692307692307,42.0,False,volDry=1.20; 50SMA=+47.6%; 252H=0.88x; prior=3.6x,UMC
2026-06-04,8.25,9.06999969482422,7.570000171661377,8.0,519554.0,0.0496183027812771,6.160342867340568,4.400420841769379,2.773400027751922,2.477833354473114,1.9941000151634216,11.097200009822846,202.27210039973255,0.7099999785423279,11.579999923706056,0.7099999785423279,11.579999923706056,0.7099999785423279,32.880001068115234,0.7099999785423279,68.4000015258789,0.7099999785423279,213.0,0.7099999785423279,6930.0,4105981.35,3357131.08,836552.8650793651,28220879.18762156,0.3666571003156842,1.8032141966479165,0.218571417775505,14.3532249298337,0.2162803882148807,-6.001942349858649,-12.12576313972998,10.199999809265137,7.619999885559082,625400.0,False,True,False,0.1818181240197384,1.3151515035918264,1.3175757509289363,0.9981600698590568,4.711980266198006,3.1372047225644755,0.0011904761904761,True,False,7.870967673709565,8.490727220368678,0.6144813668186853,1.4540615914799715,-0.8702830157557797,0.1168049946593846,-0.9985119047619048,0.0011714288145413,4.908215035053952,98.0,99.0,99.0,94.0,94.0,1.0,1.0,99.0,99.0,99.0,99.0,92.3076923076923,61.0,False,tight; NR7; volDry=4.71; 50SMA=+313.7%; 252H=0.00x; prior=9760.6x; blind=VARS,VCIG
2026-06-04,49.93999862670898,50.540000915527344,48.70000076293945,49.18000030517578,1630579.0,0.0256726234392274,46.72437477206364,43.94999973814213,41.83719970703125,40.415666516621904,37.26459983825684,37.00589984893799,37.45414993286133,31.15999984741211,50.540000915527344,29.45499992370605,50.540000915527344,29.45499992370605,50.540000915527344,29.45499992370605,50.540000915527344,29.45499992370605,50.709999084472656,22.61000061035156,50.709999084472656,1039774.475,996241.58,1065616.9801587302,53565272.32097797,0.0523579674110432,2.4293575286865234,0.0486455265416697,6.992335551829771,0.5145393320001915,-4.0825201825614,-7.27960787722169,49.400001525878906,46.4900016784668,1451600.0,False,False,False,0.0368442171242635,0.1499800137051061,0.257909519869845,0.5815218212216212,1.3157129016839468,0.3401458446747962,0.9848156089200276,False,False,0.5147102450014394,1.4497845084387462,0.4400230157799549,1.2969379524142524,0.081889055281459,0.9741981442174028,0.88452825006449,1.4835009463295672,0.9757487862525608,49.0,96.0,96.0,90.0,90.0,60.0,60.0,93.0,89.0,86.0,83.0,100.0,31.0,False,volDry=1.32; 50SMA=+34.0%; 252H=0.98x; prior=2.2x; blind=VARS,VCYT
2026-06-04,63.65999984741211,65.02999877929688,58.11000061035156,58.58000183105469,2442695.0,0.0529275688289132,59.939016083442965,57.96513183258323,57.87759963989258,56.47499974568685,49.597799911499024,40.56539991378784,34.66879997253418,46.810001373291016,65.43000030517578,30.07999992370605,65.43000030517578,27.299999237060547,65.43000030517578,27.299999237060547,65.43000030517578,26.0,65.43000030517578,19.290000915527344,65.43000030517578,1474754.875,1394961.9,970063.4722222222,78460966.89147282,0.0605346466056671,3.66499982561384,0.0575714708513752,4.924742541510379,0.8731243970532782,5.43482479477013,6.13047795804683,62.38999938964844,59.13999938964844,828600.0,False,False,False,0.108702453432799,0.1566132175605268,0.2056236284003073,0.7616499075467766,0.7575758879149317,0.2835246716790924,0.972948182034111,False,False,0.2850221774513357,1.2299416683930873,0.9993718449224932,1.800708181920282,1.1861263053826203,1.968519950665864,2.151485021931676,2.480849524128443,1.5202663714587976,85.0,93.0,93.0,97.0,97.0,96.0,96.0,87.0,94.0,94.0,93.0,96.15384615384616,48.0,False,volDry=0.76; 50SMA=+28.4%; 252H=0.97x; prior=3.4x,VECO
2026-06-04,18.82999992370605,21.254199981689453,18.5,19.020000457763672,3305672.0,-0.0397756584583566,21.123941290783996,19.850622510797503,18.44899990081787,17.873166624704997,15.100099964141846,14.34614998817444,10.439774986505508,11.649999618530272,26.5,8.359999656677246,26.5,8.300000190734863,26.5,8.300000190734863,26.5,3.75,26.5,2.809999942779541,26.5,3022781.8,2925977.44,1463652.2023809524,70553302.47755489,0.1522876034697029,2.9621569769723077,0.157310514549875,1.570216764023455,-0.2633218606269697,-4.372520864920916,-1.5460900120710137,21.950000762939453,19.23500061035156,2229100.0,False,True,True,0.1462665954778921,0.4742432470184636,0.7886351801188431,0.6013468064498437,1.032238717465983,0.2470116071033694,0.7105660348568322,False,False,0.4052239149071968,1.3449911423277954,0.5691666603088379,1.413249491929394,2.5065177513957475,3.1574800293976684,1.3246912391242869,1.8299973232276652,2.0652322970462382,92.0,95.0,95.0,93.0,93.0,98.0,98.0,93.0,95.0,94.0,93.0,46.15384615384615,71.0,False,tight; volDry=1.03; 50SMA=+24.7%; 252H=0.71x; prior=9.4x; blind=RS/VARS,VELO
2026-06-04,4.230000019073486,7.329999923706055,2.109999895095825,2.180000066757202,88970324.0,0.8800000084771051,2.649302438761993,2.46718263231446,2.326399974822998,2.3219999710718797,2.335799994468689,2.402699990272522,2.747349991798401,2.049999952316284,7.329999923706055,2.049999952316284,7.329999923706055,2.049999952316284,7.329999923706055,2.049999952316284,7.329999923706055,2.049999952316284,7.329999923706055,2.049999952316284,7.400000095367432,2281430.6,1837590.48,493062.3174603175,18962629.157803584,0.1764553541251565,0.4871429204940796,0.1151638104722232,7.041645520648734,4.064515639610018,-3.9434892742013,-6.942528537198035,2.380000114440918,2.2100000381469727,70100.0,False,False,False,1.2340425543907176,1.2340425543907176,1.248226937962584,0.9886363744119968,4.87784547077105,0.8109427301525705,0.5716216168323515,False,False,0.9140271249136408,1.8319852814019308,0.6523437943833423,1.488161893170318,0.7923729691105481,1.613960703021132,-0.3177419114187275,0.5370736787929199,4.627063393834824,98.0,98.0,98.0,94.0,94.0,93.0,93.0,97.0,94.0,92.0,90.0,100.0,36.0,False,volDry=4.88; 50SMA=+81.1%; 252H=0.57x; prior=3.6x; blind=VARS,VERU
2026-06-04,50.16999816894531,50.65999984741211,47.97999954223633,49.31999969482422,1740925.0,0.0072273998339484,45.66752011671558,43.42044584283919,42.46719985961914,41.14833323160807,37.41416664918264,0.0,0.0,33.02000045776367,50.65999984741211,26.34000015258789,50.65999984741211,26.34000015258789,50.65999984741211,0.0,0.0,0.0,0.0,0.0,0.0,1675198.125,2573288.020833333,0.0,60320439.7060585,0.0576987829151811,2.648571559361049,0.0527919405227422,6.458104557347579,0.1359211135458782,1.4663501129063246,-1.0401978051939351,49.91999816894531,44.400001525878906,2825300.0,False,False,False,0.0534183855488891,0.2035080617322512,0.2363962735341054,0.8608767756353433,0.5734696186562547,0.3409358716811441,0.0,False,False,0.3378666178385416,1.2805210127154154,0.0,0.0,0.0,0.0,0.0,0.0,0.0,0.0,94.0,94.0,0.0,0.0,0.0,0.0,92.0,92.0,90.0,0.0,100.0,32.0,False,volDry=0.57; 50SMA=+34.1%; blind=VARS,VGNT
2026-06-04,53.209999084472656,54.060001373291016,47.83000183105469,49.810001373291016,4824069.0,0.0150706017383144,51.199803326204986,50.46055968449927,51.65880035400391,50.633000183105466,46.05959995269775,36.35589994430542,25.650549974441528,42.18000030517578,60.43000030517578,28.46999931335449,60.43000030517578,19.979999542236328,60.43000030517578,16.90999984741211,60.43000030517578,13.960000038146973,60.43000030517578,9.079999923706056,60.43000030517578,6756924.225,6632161.38,4342612.178571428,333490435.56050456,0.074774947299248,3.852142333984375,0.0723950836358589,2.1443765474208663,0.2050809256339769,12.142648687137358,11.22070183276811,54.86000061035156,52.31999969482422,6214100.0,False,False,False,0.117083248438813,0.1687652639869487,0.1969554542859318,0.8568702227557623,1.0496633753504956,0.155242319497308,0.8805228994830117,False,False,-0.0140819366136855,0.943658194433121,0.7164515833700857,1.5458997374069527,2.0301822723670035,2.728558840640485,4.7215051605572205,4.503969797123326,1.5559584754867053,86.0,42.0,42.0,95.0,95.0,98.0,98.0,80.0,92.0,96.0,96.0,57.692307692307686,38.0,False,volDry=1.05; 50SMA=+15.5%; 252H=0.88x; prior=6.7x; blind=1m/RS,VIAV
2026-06-04,306.1199951171875,320.17999267578125,300.0,310.0126037597656,810749.0,-0.0737110114358728,315.73432790229185,299.4519397986367,291.1532006835937,286.21666717529297,245.88560119628903,207.67980041503907,142.72270038604736,231.0,361.8900146484375,137.6699981689453,361.8900146484375,126.0,361.8900146484375,91.25,361.8900146484375,80.29000091552734,361.8900146484375,41.7599983215332,361.8900146484375,887431.225,864438.98,575551.7817460317,268789851.74539185,0.0881707617820963,26.487142290387837,0.0865253583982586,2.8311836415480784,-0.9196921133308088,3.574191765199627,7.034844534022055,340.19000244140625,323.3699951171875,478000.0,False,True,True,0.0659218378337424,0.3426434611312599,0.4275774752914482,0.8013599427745929,0.8679905896885862,0.2449691792762345,0.8458923505103382,False,False,0.1507837445173676,1.1014571604503978,0.6827176681966556,1.5155177265692663,2.358788645679497,3.024455834418428,5.974709486767198,5.490492447454086,1.5418790335559909,85.0,86.0,86.0,94.0,94.0,98.0,98.0,85.0,95.0,95.0,97.0,65.38461538461539,78.0,False,tight; volDry=0.87; 50SMA=+24.5%; 252H=0.85x; prior=8.7x; blind=RS,VICR
2026-06-04,47.70000076293945,49.11000061035156,43.15999984741211,44.59999847412109,2461724.0,0.0609430990716608,45.85885503010672,41.8139240692526,37.53239982604981,35.885666592915854,32.71559993743897,30.9103999710083,29.5132999420166,24.81999969482422,52.400001525878906,21.68000030517578,52.400001525878906,21.68000030517578,52.400001525878906,21.68000030517578,52.400001525878906,17.40999984741211,52.400001525878906,17.40999984741211,73.94999694824219,2170845.6,2022902.48,1624147.0607287448,116143663.8734829,0.115023652078829,4.8214293888637,0.1010781826362089,4.531344364391276,0.5682965480725525,-1.0279515724529,-0.5988433650416832,48.970001220703125,44.84999847412109,2102400.0,False,False,True,0.1247379594920742,0.3119497029374528,0.5654088215792542,0.5517241525629899,1.5026638357771946,0.4580200532514975,0.6450304628994754,False,False,0.8068182368252239,1.7293717382305882,0.7084527447204461,1.5386956876756108,1.1971443009896423,1.9784412183050524,0.0,0.0,1.3366065502873583,79.0,98.0,98.0,95.0,95.0,96.0,96.0,96.0,95.0,94.0,92.0,84.61538461538461,46.0,False,volDry=1.50; 50SMA=+45.8%; 252H=0.65x; prior=4.2x; blind=VARS,VOYG
2026-06-04,72.93000030517578,74.43000030517578,66.83999633789062,68.0,2183754.0,0.0475437723069647,74.71638603928562,73.01896409939707,72.31440063476562,70.2810006459554,64.04820037841797,54.75680004119873,44.3394500541687,56.619998931884766,89.79000091552734,43.02000045776367,89.79000091552734,36.709999084472656,89.79000091552734,32.060001373291016,89.79000091552734,29.1299991607666,89.79000091552734,8.779999732971191,89.79000091552734,1980421.35,1952755.08,2657326.007936508,192671111.20943984,0.0727171981593426,6.570716312953404,0.0900962057515182,1.5391734120249594,0.5037498806741169,2.8320155244674616,4.431484157140167,75.75,69.27999877929688,3490000.0,False,False,True,0.1040724521530887,0.3146853761360532,0.3436171322326906,0.9158023469067156,1.6413606769365054,0.138673684417067,0.8122285283612691,False,False,0.1122464640019287,1.0645717214873909,0.601801059971433,1.4426412384590497,1.1724754533262636,1.9562279003161824,7.203599267569571,6.457874683667668,0.7452684932466588,23.0,83.0,83.0,93.0,93.0,96.0,96.0,82.0,89.0,91.0,93.0,61.53846153846154,40.0,False,volDry=1.64; 50SMA=+13.9%; 252H=0.81x; prior=10.2x; blind=RS,VSAT
2026-06-04,63.66999816894531,66.23999786376953,57.0,59.5,10094602.0,-0.0046897459126625,54.77348108566536,47.55685477456126,42.2820002746582,39.82933355967204,32.4664001083374,25.44925885200501,20.248849711418156,26.25,66.23999786376953,16.309999465942383,66.23999786376953,15.520799111449325,66.23999786376953,14.337599524399977,66.23999786376953,11.619449773229242,66.23999786376953,11.619449773229242,66.23999786376953,5539722.55,4824788.04,2403966.277777778,364859335.9168083,0.0825336520137824,4.67214230128697,0.0733805942461261,13.097527353832362,-0.0642110262085071,20.664324688514935,17.279253901266138,66.06999969482422,60.9900016784668,12099100.0,False,False,False,0.1451232625961702,0.407099087707963,0.5333752169171014,0.7632508500507166,1.8847273962318971,0.9611043403791106,0.9612016941771384,False,False,0.9841071320098034,1.8990614162432828,2.7382322629355214,3.3667901440551264,3.5903885905767083,4.1334626913414585,3.421232033050023,3.48039457872168,2.304409425876352,93.0,98.0,98.0,99.0,99.0,99.0,99.0,98.0,99.0,98.0,98.0,96.15384615384616,32.0,False,volDry=1.88; 50SMA=+96.1%; 252H=0.96x; prior=5.7x,VSH
2026-06-04,13.239999771118164,13.520000457763672,13.199000358581545,13.359999656677246,850170.0,0.0068441182660619,12.581886225675277,11.892856138640305,11.318400039672852,11.036000029246011,10.0768000125885,8.706700015068055,7.075000014305115,8.899999618530273,13.520000457763672,7.03000020980835,13.520000457763672,6.25,13.520000457763672,6.03000020980835,13.520000457763672,4.829999923706055,13.520000457763672,3.9800000190734863,13.520000457763672,1620046.75,1480281.4,2137891.547619048,25460819.56075764,0.0530702070816753,0.520714351109096,0.0393288791624442,7.98164503658873,0.1728397775021846,8.174251429239362,5.791367338239787,13.244999885559082,12.56999969482422,1891200.0,False,True,False,0.0242447209011559,0.1697885335211486,0.3327039851053933,0.5103291247544369,1.0877506128226702,0.3139091531615212,0.979289890742221,True,False,0.4282631194510458,1.3670428066277172,0.6426797868265874,1.4794581307752532,1.1252005988094993,1.9136587705948376,1.0719874879121032,1.631068888988764,0.7577777983192051,24.0,96.0,96.0,94.0,94.0,96.0,96.0,91.0,92.0,93.0,92.0,100.0,64.0,False,tight; NR7; volDry=1.09; 50SMA=+31.4%; 252H=0.98x; prior=3.4x,VSTS
2026-06-04,73.08000183105469,80.36499786376953,72.68000030517578,76.76000213623047,3766131.0,-0.0744680511853533,63.99040039176117,58.30125282416014,53.50839981079102,53.26066652933756,51.594400024414064,54.07439998626709,45.25595000267029,43.119998931884766,81.27999877929688,41.9900016784668,81.27999877929688,41.9900016784668,81.27999877929688,41.9900016784668,81.27999877929688,33.19900131225586,81.27999877929688,17.530000686645508,81.27999877929688,2416903.275,2437908.62,2667360.837301587,190160112.1117409,0.068658425472821,5.679642813546317,0.0777181536841834,5.358243939595041,-1.0352758873135108,-4.512622962102916,-3.670178096269244,79.12000274658203,72.0,6355800.0,False,False,False,0.1051586941166178,0.4693486368042902,0.522167472513614,0.8988469437687031,1.7009550997854874,0.416432825974792,0.8991142092594269,False,False,0.4397163957362264,1.3780051557528517,0.3864542420867285,1.2486919348813967,0.7412437385159165,1.567920860657078,2.605328079953945,2.838114853548737,0.906102856876702,40.0,96.0,96.0,89.0,89.0,92.0,92.0,95.0,90.0,87.0,85.0,92.3076923076923,36.0,False,volDry=1.70; 50SMA=+41.6%; 252H=0.90x; prior=4.6x; blind=VARS,VSXY
2026-06-04,575.5,594.0,564.6699829101562,567.010009765625,6435164.0,-0.0313241416747945,541.9934505823468,509.7137654337848,496.4775964355469,480.7846638997396,419.640798034668,343.51669357299807,240.28802833557128,374.0199890136719,602.5399780273438,249.05999755859372,602.5399780273438,237.4663481437783,602.5399780273438,165.39083511122516,602.5399780273438,131.0818273850896,602.5399780273438,53.33938877484187,602.5399780273438,7196269.1,7487777.28,8454561.365079366,3422963140.4208007,0.0569665817940536,29.562857491629465,0.0513689965102162,7.230255792514709,-0.6295056341164517,10.319783210709357,9.847373585242384,602.5399780273438,571.25,7846100.0,False,False,False,0.0509644084966876,0.2496437583147806,0.2928583458337858,0.8524385999792132,0.845282406690387,0.371410984573659,0.9551233461456452,False,False,0.2369427587165904,1.183923100362403,1.221750386874484,2.000990516091081,2.6017150656690924,3.2432014316494424,9.74919388458814,8.461767182063099,0.8511700121692175,33.0,91.0,91.0,97.0,97.0,99.0,99.0,92.0,95.0,95.0,97.0,96.15384615384616,48.0,False,volDry=0.85; 50SMA=+37.1%; 252H=0.96x; prior=11.3x,WDC
2026-06-04,56.27000045776367,57.150001525878906,52.72999954223633,54.0,1529125.0,0.0612976230090565,51.16800652898892,50.446582591985134,47.30919998168945,50.421333185831706,56.133199539184574,72.50809963226318,102.82864999771118,32.209999084472656,69.12000274658203,32.209999084472656,89.15499877929688,32.209999084472656,106.76000213623048,32.209999084472656,158.22000122070312,32.209999084472656,170.8699951171875,32.209999084472656,170.8699951171875,1486553.125,1346064.5,818403.2738095238,69160830.20211697,0.0844572976298332,3.696071897234236,0.0656845897843649,0.0371027178955238,0.8793118993253268,-16.786605062718557,-18.63782262562167,54.0,51.0,1082700.0,False,False,False,0.0785498835558076,0.2352941455617146,0.39408215516903,0.5970687646609935,0.9438942190363092,0.0024370768048525,0.3293146957672241,False,False,0.6305419644907047,1.5606512785391886,-0.3137804822223943,0.6180346609329327,-0.6496264114616874,0.3154975069490987,-0.227166565793654,0.6083746056664364,1.816406620760882,90.0,97.0,97.0,8.0,8.0,5.0,5.0,95.0,90.0,87.0,85.0,80.76923076923077,66.0,False,volDry=0.94; 50SMA=+0.2%; 252H=0.33x; prior=5.3x; blind=VARS,WGS
2026-06-04,67.05999755859375,70.0,56.619998931884766,57.29999923706055,7601190.0,0.0874006737422385,62.045557860376725,57.645270306573806,55.69759986877441,51.07899983723959,39.10579986572266,28.599799909591678,26.12034880283267,25.07999992370605,80.81999969482422,14.579999923706056,80.81999969482422,13.484999656677246,80.81999969482422,13.484999656677246,80.81999969482422,13.484999656677246,80.81999969482422,8.050000190734863,80.81999969482422,8395934.75,6950099.8,3921175.523255814,682896972.1535759,0.1781659182687609,11.01378549848284,0.1642377855570235,4.352439851630537,0.4893866319069783,5.934499282796127,4.621961759544617,67.25,60.34000015258789,8006600.0,False,False,True,0.1995228385808461,0.4646585294040016,0.5637936181580051,0.8241642232881384,1.4204773001964663,0.7148350830019394,0.8297450855210573,False,False,0.8307397107057815,1.752267854742312,2.540654470310468,3.188844281383706,2.13951290460614,2.827006734639905,0.0,0.0,2.1411779962935,92.0,98.0,98.0,99.0,99.0,98.0,98.0,98.0,99.0,99.0,98.0,84.61538461538461,37.0,False,volDry=1.42; 50SMA=+71.5%; 252H=0.83x; prior=10.0x,WOLF
2026-06-04,4.099999904632568,4.119999885559082,3.829999923706055,3.829999923706055,3198894.0,0.0224438081331053,4.048333615992091,4.056491888748196,4.16427414894104,4.131083377202352,3.732844247817993,3.108481140136719,2.477943952083588,3.392410826998052,5.068660760841728,2.496049417115377,5.068660760841728,2.008772727149369,5.068660760841728,1.4916629791259766,5.068660760841728,1.4916629791259766,5.068660760841728,1.4916629791259766,5.068660760841728,7200242.35,7957237.88,3862390.849206349,26269827.587868266,0.0698235286575834,0.3147576571746884,0.0767701620722101,1.2812028524831374,0.2859332368863808,6.586322186884047,6.472828739201749,4.230000019073486,3.9700000286102295,5444100.0,False,False,True,0.0707316996581775,0.2804877765117686,0.4088414567887404,0.686055124435936,0.662932223411172,0.0983581506325084,0.8088921508236233,False,False,-0.0239495705789175,0.9342135214965333,0.4672296466861829,1.3214412497872476,1.513972776405097,2.263732682599113,1.5264392751054738,1.9888134101119987,1.8641930946681684,90.0,38.0,38.0,91.0,91.0,97.0,97.0,74.0,87.0,92.0,95.0,38.46153846153847,78.0,False,volDry=0.66; 50SMA=+9.8%; 252H=0.81x; prior=3.4x; blind=1m/RS,WTI
2026-06-04,26.190000534057617,26.56999969482422,24.75,25.40999984741211,22170283.0,0.0011468152454319,25.36668843349955,24.26151994186146,23.839199905395507,23.286999956766763,21.042200012207037,18.035100021362304,15.2194500207901,19.56999969482422,27.46999931335449,13.199999809265137,27.46999931335449,11.739999771118164,27.46999931335449,11.130000114440918,27.46999931335449,10.470000267028809,27.46999931335449,3.400000095367432,27.46999931335449,30777682.075,30392535.66,39498045.56746032,652448968.3287476,0.0717665767503241,1.814285823277065,0.0692739895487118,3.5315093908152826,0.0165358105435222,1.9457274824347357,1.473721869671953,27.43000030517578,25.739999771118164,24637400.0,False,False,True,0.0694921595155174,0.2195494418765921,0.3004963257503785,0.7306227166949497,0.9001749181463328,0.2446417446305155,0.9534037564145622,False,False,0.1149425623349389,1.067152255691424,0.7196323914145013,1.5487644906969638,0.8417721548699995,1.658442708692396,5.928571622297789,5.454172713006141,0.7792203799662326,26.0,83.0,83.0,95.0,95.0,94.0,94.0,85.0,93.0,94.0,93.0,80.76923076923077,56.0,False,volDry=0.90; 50SMA=+24.5%; 252H=0.95x; prior=8.1x; blind=VARS,WULF
2026-06-04,27.459999084472656,28.34000015258789,26.13999938964844,26.850000381469727,893156.0,-0.0203354116378748,28.898421613292456,27.015973591408454,25.68520008087158,24.08333333333333,20.045699996948244,18.91050007820129,20.93705005168915,13.899999618530272,33.189998626708984,10.510000228881836,33.189998626708984,10.510000228881836,33.189998626708984,10.510000228881836,33.189998626708984,10.510000228881836,35.0,10.510000228881836,40.75,1513016.4,1414267.12,1237979.1153846155,58852243.95369415,0.1335176720311457,3.259571211678641,0.1187025244120192,3.115938803891057,-0.1748701179255131,-0.0014754732472246,-0.1134057870198964,30.545000076293945,27.6200008392334,1040600.0,False,True,True,0.080116563593895,0.3157319176258746,0.4912599531511817,0.642698261074642,0.8949480491351591,0.3698698019352362,0.673865008207918,False,False,0.4038854720975657,1.343710069820867,0.7227101510257594,1.5515364347593206,0.4414698259436671,1.29798635315187,0.0,0.0,1.2221663364086202,73.0,95.0,95.0,95.0,95.0,86.0,86.0,96.0,97.0,96.0,95.0,53.84615384615385,77.0,False,tight; volDry=0.89; 50SMA=+37.0%; 252H=0.67x; prior=3.9x; blind=RS/VARS,WYFI
2026-06-04,82.69999694824219,83.5999984741211,81.0,82.2699966430664,590993.0,0.0054710875166223,87.44061030260946,83.05554020835905,80.84940017700195,75.17216682434082,62.43900001525879,57.72439994812012,56.47622493743896,44.31999969482422,99.86000061035156,35.86000061035156,99.86000061035156,35.86000061035156,99.86000061035156,35.86000061035156,99.86000061035156,35.86000061035156,99.86000061035156,29.600000381469727,99.86000061035156,921152.325,903805.86,859955.5277777778,102248445.65819626,0.0623562378259188,5.467500414167132,0.0661124621030998,4.908191971045079,0.0823039623510912,0.6976234357114244,0.6980608837587958,84.0999984741211,81.3949966430664,1176300.0,False,True,True,0.0314389186223102,0.2280532201489088,0.3707376637667586,0.6151336711567116,1.090587418851212,0.3244926556804566,0.8281593875703366,True,False,0.4917027236072175,1.4277631692387305,0.8584268977133076,1.6737679530256708,0.4554733789584198,1.3105959967126628,1.4089715274478176,1.8963427799649728,1.0711627464973237,60.0,96.0,96.0,96.0,96.0,87.0,87.0,96.0,95.0,94.0,93.0,42.30769230769231,74.0,False,tight; NR7; volDry=1.09; 50SMA=+32.4%; 252H=0.83x; prior=3.4x; blind=RS/VARS,XMTR
2026-06-04,5.28000020980835,6.199999809265137,4.510000228881836,5.658999919891357,12214029.0,-0.2922251765671738,3.5312495958788714,2.849986617726421,2.365199990272522,2.254166662693024,2.0525,2.1363499975204467,2.3241249972581866,1.6699999570846558,8.270000457763672,1.600000023841858,8.270000457763672,1.600000023841858,8.270000457763672,1.600000023841858,8.270000457763672,1.600000023841858,8.270000457763672,1.600000023841858,8.270000457763672,3862600.725,3099014.58,747775.5119047619,46972559.23806374,0.1250209565890745,0.7843571134975978,0.1485524777140242,10.58530103849963,-2.779346028517021,1.6178632191249471,-3.1302881694273754,8.270000457763672,5.400000095367432,107637300.0,False,False,False,0.3200756653842336,1.195075789560572,1.2344697394906856,0.9680883632300564,4.519679575047369,1.5724726966179534,0.6384522270312109,False,False,1.933333527600329,2.8076006750683167,1.490566271146717,2.243096037116816,1.2956523127276445,2.0671437721919124,0.6761904920490056,1.3194974291832602,5.1654549574123365,98.0,99.0,99.0,98.0,98.0,96.0,96.0,99.0,98.0,97.0,97.0,96.15384615384616,34.0,False,volDry=4.52; 50SMA=+157.2%; 252H=0.64x; prior=5.2x; blind=VARS,XOS
2026-06-04,3.490000009536743,3.609999895095825,3.213399887084961,3.240000009536743,7669069.0,0.0738461567805364,3.116891910023663,2.858806497332978,2.782799987792969,2.5859999895095824,2.120839834213257,2.027162103652954,2.5603602433204653,1.5299999713897705,3.609999895095825,1.190000057220459,3.609999895095825,1.190000057220459,3.609999895095825,1.190000057220459,3.609999895095825,1.190000057220459,3.609999895095825,1.190000057220459,6.556095499983132,7989449.225,6918863.38,4624332.416666667,19903684.78255569,0.1128067428067016,0.3047571693147932,0.0873229709117525,7.392951951156098,0.7875122678044029,-2.3622443883356032,-4.551089686191325,3.559999942779541,3.200000047683716,7293900.0,False,False,False,0.1136389704662231,0.355300861360553,0.3753581487678644,0.9465649341218498,1.0899141211254848,0.6455745281827883,0.5323290378466455,False,False,0.3219696480517455,1.265305442210052,0.8933627049175026,1.7052324322491552,0.3417050035063875,1.2081520911246129,-0.2725882634144936,0.5726186378786863,1.727697861037203,89.0,94.0,94.0,96.0,96.0,82.0,82.0,98.0,97.0,97.0,96.0,100.0,34.0,False,volDry=1.09; 50SMA=+64.6%; 252H=0.53x; prior=5.5x; blind=VARS,XRX
2026-06-04,0.9991999864578248,1.1699999570846558,0.9200999736785888,1.1200000047683716,2532117.0,-0.1941935655056003,1.0275408179334675,0.9097190468448844,0.8110880017280578,0.7186400016148885,0.5514040014147759,0.4906020011007785,0.8530959976464509,0.2360000014305114,2.5999999046325684,0.2349999994039535,2.5999999046325684,0.2349999994039535,2.5999999046325684,0.2349999994039535,2.5999999046325684,0.2349999994039535,2.5999999046325684,0.2349999994039535,6.449999809265137,15254832.925,12234724.34,3599394.004672897,26151495.9845288,0.6902324535640425,0.5414928432021823,0.541926391654368,1.4985456607695982,-0.4446965940582315,-5.655261329174844,-6.858017599562668,1.4700000286102295,0.9800000190734864,33376500.0,False,True,True,0.250100066846443,2.1727381343388017,2.3658926493608785,0.9183587154411864,1.6128145720036713,0.8121014426701789,0.1549147311636379,False,False,2.673529162337843,3.516068956706837,1.636411517378528,2.374449656430176,0.4439306749718106,1.3002022500081267,0.0,0.0,4.238167009556465,97.0,99.0,99.0,98.0,98.0,86.0,86.0,99.0,99.0,98.0,98.0,69.23076923076923,64.0,False,tight; volDry=1.61; 50SMA=+81.2%; 252H=0.15x; prior=27.4x; blind=RS/VARS,YMAT
2026-06-04,23.149999618530277,23.850000381469727,22.55780029296875,23.36000061035156,6859065.0,-0.0051568902824564,22.00677233114741,20.460147259089467,19.17159996032715,18.9193333307902,17.854400024414062,18.07780000686645,18.677250022888185,15.600000381469728,25.950000762939453,14.364999771118164,25.950000762939453,14.364999771118164,25.950000762939453,14.364999771118164,25.950000762939453,14.364999771118164,25.950000762939453,12.100000381469728,25.950000762939453,9289309.125,8718185.3,8498205.01984127,195730695.24385977,0.0654425648081566,1.632157461983817,0.070503563234505,4.206867296983663,-0.0735228322195963,-7.339419088040644,-6.234252789688513,24.75,22.584999084472656,11317100.0,False,True,False,0.0558185792567634,0.3562851505202942,0.4470842571066452,0.7969082893368528,1.2126510433312307,0.2965991344920591,0.8921001517499758,True,False,0.2969187184198905,1.2413282823393084,0.2242199791291073,1.1025777613536003,0.3079095265917793,1.17772060581433,0.7577828006394904,1.3837269078355734,1.0930907295495569,63.0,93.0,93.0,82.0,82.0,80.0,80.0,91.0,87.0,83.0,80.0,88.46153846153845,53.0,False,tight; NR7; volDry=1.21; 50SMA=+29.7%; 252H=0.89x; prior=2.1x; blind=VARS,ZETA
