date,close,high,low,open,volume,price_chg_pct0,ema10,ema20,sma25,sma30,sma50,sma100,sma200,min30,max30,min60,max60,min90,max90,min120,max120,min150,max150,min252,max252,vol_sma40,vol_sma50,vol_sma252,avg_dollar_vol,price_up_down,highest_volume,days_since_highest_volume,days_since_vol_max,up_dollar_vol_max,days_since_up_vol_max,adr_pct,atr14,atr_pct,atr_multi_50sma,vars_norm_change,vars,vars_20ema,previous_session_high,previous_session_low,previous_session_volume,inside_day,tight_day,close_to_ma,range_pct,range10_pct,range20_pct,range_contraction_10_20,vol_dry_10_50,dist_sma50_pct,close_vs_252h,nr7,nr20,perf_1mo,rela_perf_1mo,perf_3mo,rela_perf_3mo,perf_6mo,rela_perf_6mo,perf_12mo,rela_perf_12mo,vol_ratio,vol_ratio_rank,perf_1mo_rank,rela_perf_1mo_rank,perf_3mo_rank,rela_perf_3mo_rank,perf_6mo_rank,rela_perf_6mo_rank,c0_c30_rank,c0_c60_rank,c0_c90_rank,c0_c120_rank,rs_sts_pct,ticker
2026-06-05,71.88999938964844,76.61000061035156,71.36000061035156,76.61000061035156,5738700.0,-0.0785695657161085,75.30744588755024,72.42405391176167,69.10080520629883,68.32648048400878,68.3585011291504,64.71252281188964,52.167682819366455,60.90999984741211,84.37999725341797,54.97303038568687,84.37999725341797,54.862211825298886,84.37999725341797,45.25335391351325,84.37999725341797,35.00655761548743,84.37999725341797,27.40279163500923,84.37999725341797,4382035.0,4823708.0,6324190.873015873,329172784.5545387,-1,False,225,225,821121326.525116,67,0.0455631915575192,3.8835755401300216,0.0540210818347735,0.9563198886799786,-1.5784416165142334,-1.671736464787747,0.1751166229598731,80.73999786376953,77.7300033569336,4768700.0,False,False,True,0.0730282382052149,0.2373069648551179,0.3264709640460136,0.7268853619143638,1.0029690851933823,0.0516614349666026,0.8519791624754575,False,False,0.1382397035550611,1.1353693213375242,0.2091024850476837,1.1036919902662554,0.6354414499851082,1.517160138977261,1.6512524616068118,2.1439168176497128,0.6929004971524998,19.0,90.0,90.0,82.0,82.0,93.0,93.0,76.0,75.0,69.0,82.0,69.23076923076923,AA
2026-06-05,177.0,208.5,174.22999572753906,191.4199981689453,19828200.0,-0.1276060893466065,183.6597068734921,178.8849965137079,180.6932000732422,175.99099985758463,156.7430001831055,111.12140022277832,70.13252511978149,135.39999389648438,233.6699981689453,78.57499694824219,233.6699981689453,37.01800155639648,233.6699981689453,26.799999237060547,233.6699981689453,18.5,233.6699981689453,15.289999961853027,233.6699981689453,11831812.5,12224524.0,7351325.793650794,2389705416.3254547,-1,False,95,95,4116284352.6123047,23,0.153526079253075,23.56307111467634,0.1331246955631431,0.9707968116127742,-1.098753183048485,12.215805678482202,9.827372910081008,209.63999938964844,171.0919952392578,14528800.0,True,False,True,0.1936158433472369,0.3423163634909075,0.5089830301575742,0.6725496592389947,1.0380453259366171,0.1292370299996206,0.7574785012495595,False,False,-0.0086254808112643,0.988874497636236,0.8518518163753719,1.6904059351204703,5.900584897947923,6.401508499671688,9.344827217184015,8.36527240154258,1.609480090002122,87.0,53.0,53.0,96.0,96.0,99.0,99.0,87.0,96.0,99.0,99.0,46.15384615384615,AAOI
2026-06-05,132.6199951171875,141.72999572753906,131.4600067138672,141.2899932861328,1250700.0,-0.0761407711752498,138.97488301776733,133.15313372817155,130.6063134765625,124.1309415181478,110.03219802856444,101.41637840270997,95.33551334381104,85.57038539557159,150.355273162131,76.78650600661538,150.355273162131,76.78650600661538,150.355273162131,73.0470553076386,150.355273162131,73.0470553076386,150.355273162131,61.73725204203787,150.355273162131,1227737.5,1117496.0,1105684.5238095238,163187021.76132202,-1,False,29,29,994222161.6455078,29,0.0610022980284301,7.870117154406605,0.0593433678492621,3.45924959991741,-1.388798631599839,3.298138970121493,2.4248551412416037,145.668537746305,138.1037996978196,1023800.0,False,False,True,0.0774392202668757,0.166450353994338,0.1830275205618712,0.9094280110627984,0.9777126719021813,0.2052835214903117,0.8820441899246247,False,False,0.3500750150927245,1.3466704322938998,0.5043531887295674,1.3732025080296189,0.4992612699670578,1.39082902462033,0.3944669335733766,1.127625963139136,1.1103867998169632,64.0,96.0,96.0,93.0,93.0,90.0,90.0,94.0,91.0,89.0,88.0,34.61538461538461,AAON
2026-06-05,5.619999885559082,6.329999923706055,5.5,6.199999809265137,8927900.0,-0.1177394055689491,5.733138438868393,5.356210066345136,5.131599979400635,4.957666643460592,4.427999992370605,3.995999989509583,4.211799999475479,3.759999990463257,6.789999961853027,3.220000028610229,6.789999961853027,2.744999885559082,6.789999961853027,2.744999885559082,6.789999961853027,2.744999885559082,6.789999961853027,2.3299999237060547,6.789999961853027,8225895.0,7116578.0,5495071.031746032,48797888.40741396,-1,False,359,359,94767211.75489426,319,0.1037114435227193,0.5785714217594692,0.1029486536549835,2.6148569415752947,-1.296296311558574,0.315026377936765,0.1765814210834081,6.695000171661377,5.510000228881836,11445900.0,False,False,True,0.1476868221721477,0.3113879066967113,0.5071174310796357,0.6140351082662987,1.178373931965616,0.2691960016355645,0.8276877639370934,False,False,0.115079350812695,1.112267373748709,0.6289854515602906,1.4869692332792186,0.6103151490549914,1.4938510671596992,1.3223139290828887,1.8779229667949155,1.4969588113561223,85.0,88.0,88.0,95.0,95.0,92.0,92.0,93.0,91.0,93.0,92.0,84.61538461538461,ABCL
2026-06-05,6.400000095367432,7.110000133514404,6.2230000495910645,7.09499979019165,5223500.0,-0.1280654002287778,6.186446542001826,5.76154500412402,5.6556000328063964,5.4908333619435625,4.5767000293731686,3.685200018882752,3.51032501578331,3.8450000286102295,7.389999866485596,2.240000009536743,7.389999866485596,2.240000009536743,7.389999866485596,2.240000009536743,7.389999866485596,2.240000009536743,7.389999866485596,2.240000009536743,7.389999866485596,5073020.0,4819662.0,4639933.333333333,28873746.52804613,-1,False,315,315,86027500.0,233,0.1177908581974234,0.6465714999607631,0.1010267953634526,3.943384474005686,-1.4538222876781646,3.929904171024877,-0.4239410673489691,7.389999866485596,5.920000076293945,9193600.0,True,False,True,0.1385937610478138,0.3664062117575673,0.4531250081490724,0.8086205907157177,1.1064572577911065,0.3983874962947888,0.8660352112307993,False,False,0.0756303026096858,1.0729178070926066,1.6890755410198146,2.4546398444689497,0.9452888053417356,1.8045981617318376,1.245614143693293,1.8159002201164576,1.0933389847555282,63.0,84.0,84.0,99.0,99.0,96.0,96.0,95.0,98.0,97.0,96.0,92.3076923076923,ABSI
2026-06-05,76.29000091552734,86.30999755859375,75.61000061035156,85.2699966430664,1900900.0,-0.15425974871758,82.83951690623249,76.60473353487757,71.19859954833984,67.97216618855795,59.23079963684082,57.01054973602295,46.69089990615845,47.72999954223633,94.21199798583984,37.15999984741211,94.21199798583984,37.15999984741211,94.21199798583984,36.75,94.21199798583984,28.459999084472656,94.21199798583984,23.030000686645508,94.21199798583984,1583502.5,1470086.0,1423788.0952380951,152162014.96213913,-1,False,253,253,312397268.6920166,10,0.0891229942333402,7.614142554146903,0.0998052492170988,2.885743420601732,-1.827520409103556,2.4584449325782627,3.5862084542014783,91.55999755859376,83.5999984741211,1667300.0,False,False,True,0.1402542511447841,0.320513770561938,0.4841001279766164,0.662081565443048,1.418393209648959,0.288012341269759,0.8097694831500528,False,False,0.3775731210567083,1.3740991942751282,0.6983527165027614,1.5502890061276409,1.247790335957502,2.085221637573196,2.3025973876920527,2.670622350731477,1.1121756849183349,65.0,97.0,97.0,95.0,95.0,97.0,97.0,95.0,95.0,93.0,92.0,69.23076923076923,ACMR
2026-06-05,28.979999542236328,31.239999771118164,28.299999237060547,31.15999984741211,3000446.0,-0.1044499692325102,29.53139190444577,29.157727749072425,29.29259475708008,29.50798880259196,28.380882453918456,24.2835396194458,19.76102336406708,25.662138734049723,34.27607547663534,22.378964828529348,34.27607547663534,16.76181518996688,34.27607547663534,12.64356767197692,34.27607547663534,11.514944624004572,34.27607547663534,11.514944624004572,34.27607547663534,2111519.6,1924779.1,972026.0,75802762.52944489,-1,False,25,25,177864665.18039703,25,0.0714689916408288,2.0858997832584447,0.0719772193308143,0.2932856048259398,-1.6204043431248822,7.747766588065679,7.374693738944171,33.45000076293945,29.604999542236328,3905173.0,False,False,True,0.1014492953932856,0.2432449282923239,0.27512880197586,0.8841129192779545,1.3436244709847482,0.0211098823051272,0.8454876802331369,False,False,-0.0043193941406359,0.9931697253335148,0.4644128350546166,1.3367441854435844,1.3167105774155474,2.149157306508201,1.2376565694113006,1.8094653831562229,2.172287161043017,93.0,56.0,56.0,92.0,92.0,97.0,97.0,66.0,73.0,89.0,94.0,46.15384615384615,ADEA
2026-06-05,16.899999618530273,18.290000915527344,16.674999237060547,17.899999618530273,2164000.0,-0.0652655038802624,15.660185608295144,14.941524820109558,14.352799987792968,14.29466667175293,14.171000003814695,15.124199991226195,15.256425004005433,12.50100040435791,18.290000915527344,12.0,18.290000915527344,12.0,19.799999237060547,12.0,19.799999237060547,12.0,20.76000022888184,9.779999732971191,20.76000022888184,1771997.5,1841868.0,2053011.9047619049,26112212.87971497,-1,False,399,399,94321066.09344482,399,0.0565318428323216,0.9029287610735212,0.0534277385476086,3.6044265842764434,-1.3068586981024293,-4.746209742205931,-8.26633398150012,18.125,15.96399974822998,4415800.0,False,False,False,0.0955622316521239,0.2739645664274806,0.3425444166769087,0.7997928241985818,1.129662929156704,0.1925763611587718,0.8140654832468917,False,False,0.1711711199665426,1.1682176921903502,0.1372812926638504,1.0381322252788547,-0.0134267106540847,0.9152205777766802,0.693386812996116,1.369345439463861,0.8631209083054513,34.0,92.0,92.0,75.0,75.0,45.0,45.0,89.0,82.0,77.0,73.0,96.15384615384616,ADPT
2026-06-05,98.4499969482422,111.79000091552734,96.9000015258789,110.31999969482422,2352300.0,-0.1555155652603791,103.39262725715076,98.92776510495732,97.64519989013672,96.01066665649414,83.28200016021728,58.11130001068116,41.53909999847412,76.70999908447266,121.8000030517578,29.1299991607666,121.8000030517578,22.65999984741211,121.8000030517578,19.899999618530277,121.8000030517578,18.700000762939453,121.8000030517578,10.890000343322754,121.8000030517578,3019282.5,3336916.0,1852692.4603174604,249190914.47181705,-1,False,58,58,682454837.1200562,50,0.1253660998508441,12.23928451538086,0.1243198059398151,1.4649970748504062,-1.481296137860746,9.35994687874907,8.679992375852008,119.47000122070312,103.18000030517578,1769400.0,False,False,True,0.1512442849284851,0.3577450717364595,0.457491135720462,0.7819715920245726,0.6539721107753387,0.1821281520477993,0.8082922371225784,False,False,0.0177813866599572,1.0152147729805323,1.7646727116208898,2.52364639495661,2.976171083932506,3.6885993530073113,7.421728013869966,6.810171639280579,1.6296727949562897,87.0,70.0,70.0,99.0,99.0,99.0,99.0,86.0,98.0,99.0,99.0,65.38461538461539,AEHR
2026-06-05,16.68000030517578,18.20400047302246,16.420000076293945,17.899999618530273,2421800.0,-0.0860273805383133,17.79765858843409,17.826067927439617,18.381200103759767,18.14066677093506,16.044800052642824,13.907000017166135,12.17690001487732,15.869999885559082,20.1299991607666,10.520000457763672,20.1299991607666,9.270000457763672,20.1299991607666,9.170000076293944,20.1299991607666,7.642000198364258,20.1299991607666,7.642000198364258,20.1299991607666,4553655.0,5066264.0,2907661.904761905,57579730.26262283,-1,False,59,59,265414736.5179062,31,0.0563036580516997,1.088571003505162,0.0652620493758252,0.6066184921700003,-1.4422575006764582,3.2687613653805743,3.515551588665629,18.36000061035156,17.399999618530273,2554400.0,False,False,False,0.1069544582786933,0.2002398136378626,0.2224220033929764,0.9002698050699498,0.5561060379009068,0.0395891659882872,0.8286140586476092,False,False,-0.0929852714098076,0.9047274432847704,0.4147583001818937,1.2914185715298396,0.7195876941403201,1.5952206085086515,0.3122565954214222,1.0611471463908335,1.5660882004687124,86.0,26.0,26.0,91.0,91.0,94.0,94.0,38.0,88.0,90.0,89.0,11.538461538461538,AESI
2026-06-05,149.32000732421875,158.0500030517578,147.7899932861328,157.55999755859375,3023500.0,-0.060762288733959,152.07442203756918,145.4715884627946,143.26680053710936,135.70200068155924,123.2586003112793,112.0783002471924,96.5916498565674,93.52999877929688,165.4499969482422,88.5,165.4499969482422,88.5,165.4499969482422,84.54000091552734,165.4499969482422,70.81999969482422,165.4499969482422,69.77999877929688,165.4499969482422,6105450.0,5758120.0,3485329.761904762,1031204974.460144,-1,False,28,28,3174716403.300476,28,0.0537596629559862,7.094286237444196,0.047510620743812,4.450306498904283,-1.3616575480608804,8.028195792908669,6.364847138535994,160.8800048828125,154.6999969482422,4890900.0,False,False,True,0.0687115541278231,0.1547682793784813,0.2183229925373775,0.7088959233278399,0.7146568671719241,0.2114368242631634,0.9025083715832924,False,False,0.2240348384215038,1.220948100344386,0.4948444112183339,1.364522713135344,0.6973968995362174,1.5746347360973325,0.9493473929332484,1.576326177786311,1.7517567682500492,89.0,94.0,94.0,93.0,93.0,94.0,94.0,95.0,91.0,88.0,87.0,61.53846153846154,AKAM
2026-06-05,317.0599975585937,349.0,314.8399963378906,342.75,7315000.0,-0.1144811943355691,326.68639186222293,295.33211887639953,269.15039978027346,257.1046666463216,212.54440002441407,177.1417502593994,177.7714001083374,179.5399932861328,372.3699951171875,97.88999938964844,372.3699951171875,97.88999938964844,372.3699951171875,97.88999938964844,372.3699951171875,97.88999938964844,372.3699951171875,84.77999877929688,372.3699951171875,6322695.0,5869770.0,5672178.968253968,1765125160.4428864,-1,False,259,259,3005559322.480774,303,0.097002970052102,30.14800480433873,0.0950861194615611,5.171473659942488,-1.359625305236649,6.405523800282064,3.180706281307008,365.2300109863281,338.0199890136719,3785300.0,False,False,True,0.1077398723432352,0.2582160971033807,0.576168529875868,0.4481607094351575,1.0033732156455877,0.4917353622216083,0.8514649453933921,False,False,0.4822121085062452,1.4784743059453382,1.659899376476195,2.428007280636105,1.0790819512038934,1.9287148812709476,2.3297625865778424,2.6925892994055194,1.1146853855258865,65.0,97.0,97.0,99.0,99.0,97.0,97.0,96.0,98.0,98.0,97.0,76.92307692307693,ALAB
2026-06-05,46.38999938964844,51.75,46.09999847412109,51.5,2137400.0,-0.134837741258086,49.10420311228921,47.70742663865049,47.67919998168945,47.10900001525879,42.72320007324219,39.075100135803225,33.84487503051758,39.56999969482422,54.400001525878906,27.649999618530277,54.400001525878906,27.649999618530277,54.400001525878906,25.31999969482422,54.400001525878906,22.40999984741211,54.400001525878906,22.40999984741211,54.400001525878906,2388960.0,2275526.0,2154245.238095238,118190990.16059875,-1,False,459,459,381961057.3963165,127,0.0659343246636789,3.666071483067104,0.0790271940353842,1.086042459835289,-1.972138179964668,6.147950867447984,4.930261942783495,54.400001525878906,50.0,2090800.0,False,False,True,0.1217935244711311,0.2002586988091302,0.3196810094022955,0.6264328906604493,1.0647999627338909,0.0858268882040693,0.85275731780228,False,False,-0.0969437345879581,0.9007789624524122,0.452865610594082,1.3262036569900382,0.6051903114871955,1.489096877227272,0.6564899403617255,1.3395090406655328,1.108954522797179,64.0,26.0,26.0,92.0,92.0,92.0,92.0,75.0,90.0,87.0,89.0,42.30769230769231,ALGM
2026-06-05,22.59000015258789,26.530000686645508,22.149999618530277,26.3700008392334,1379500.0,-0.169790484650224,24.682698302981944,24.05193274175912,24.88699981689453,24.090999857584634,20.195099925994874,18.258699941635133,17.533849983215333,17.559999465942383,31.790000915527344,10.239999771118164,31.790000915527344,10.239999771118164,31.790000915527344,10.239999771118164,31.790000915527344,10.239999771118164,31.790000915527344,10.199999809265137,31.790000915527344,2205387.5,1883554.0,711917.4603174604,45600106.26066208,-1,False,53,53,206667800.135994,53,0.1527068184499451,3.2030002049037387,0.1417884100605818,0.8363743128408334,-1.4423973263603374,-4.876102322213905,-4.25299939568986,27.809999465942383,24.0,1030200.0,False,False,True,0.1938911482306238,0.3536963977200978,0.5675078138812762,0.6232449828331206,0.7470133587887579,0.1185881840332134,0.7106008022023727,False,False,-0.2052770181560806,0.7927188708400351,0.5039946380901319,1.3728752161137197,0.4788871172987596,1.3719284077293612,0.2003188373483597,0.9706294587929508,3.097813472669384,96.0,11.0,11.0,93.0,93.0,89.0,89.0,86.0,96.0,95.0,93.0,26.923076923076923,ALMU
2026-06-05,5.429999828338623,5.46999979019165,5.230000019073486,5.449999809265137,2086400.0,-0.0163043755251579,5.363228378246436,5.209184410101814,5.091199951171875,5.139999961853027,5.0021999740600585,4.079499981403351,2.8910499891638755,4.300000190734863,6.0,4.03000020980835,6.0,2.25,6.0,2.25,6.0,0.9900000095367432,6.0,0.9200000166893004,6.0,2026235.0,1907292.0,1245485.3174603174,11876298.529758452,-1,False,92,92,109497563.48047256,92,0.069213616908567,0.3314286300114223,0.0610365820421815,1.4011653111580218,-0.2715521365332526,7.030418157254332,3.834959781168596,5.75,5.449999809265137,2006300.0,False,True,True,0.0441988542735543,0.2633517262515549,0.3001841048128502,0.8773007032325765,1.4142144988811365,0.0855223414691555,0.9049999713897704,False,False,-0.0233813157875553,0.9741558735270308,0.2369020486293538,1.1290679662793863,0.939285686003918,1.7990292106887154,4.5408160435264735,4.4805422611546994,1.626863818942256,87.0,46.0,46.0,84.0,84.0,96.0,96.0,84.0,78.0,96.0,95.0,69.23076923076923,ALTO
2026-06-05,453.010009765625,484.8999938964844,452.9100036621094,479.7099914550781,11909400.0,-0.0970500324032558,464.984389605102,448.8003004932698,438.4276818847656,431.27744852701824,408.5534588623047,375.43085876464846,299.58123649597167,376.60182450734,510.75,320.2918354254672,510.75,286.77537466681304,510.75,246.30622742359984,510.75,202.49746578230435,510.75,153.78458584516943,510.75,7142870.0,6912818.0,7499003.968253968,3742637851.1125183,-1,False,294,294,6586068852.313232,168,0.0455146027664103,23.69787542460722,0.0523120348640151,2.0801050105456667,-2.054614667728732,4.745680243997508,5.42591290063957,510.75,480.1099853515625,6729000.0,False,False,True,0.0706165196016877,0.1776119505542624,0.2513705571215968,0.7065742010045564,1.11186783740003,0.1088145258324775,0.8869505820178659,False,False,0.0582175216097486,1.0555489371746534,0.3967271704917674,1.2749594097461636,0.6905739900988397,1.568305285275149,1.8180893296055556,2.27882828771384,0.9525091639154194,46.0,81.0,81.0,90.0,90.0,93.0,93.0,79.0,82.0,85.0,89.0,88.46153846153845,AMAT
2026-06-05,466.3800048828125,505.6199951171875,463.9500122070313,499.5299987792969,46900600.0,-0.1086009288962611,496.86094520268006,467.1447713098868,454.6348034667969,435.4373352050781,358.72340118408204,286.7110005187988,245.97350021362303,310.0,546.4400024414062,192.2700042724609,546.4400024414062,188.22000122070312,546.4400024414062,188.22000122070312,546.4400024414062,188.22000122070312,546.4400024414062,114.70999908447266,546.4400024414062,39984205.0,39207022.0,47308798.809523806,16173139100.43106,-1,False,242,242,50695190786.8103,242,0.05801581784281,31.73286437988281,0.0680407908736489,4.410741573898328,-1.7905729102803605,14.418619331591067,10.932347287676777,532.1900024414062,499.8699951171875,29110000.0,False,False,True,0.0893477046054465,0.181675908270592,0.328230231757702,0.5535014471327075,0.8317068814866888,0.3001103450273252,0.8534880367452995,False,False,0.1067656770934875,1.1039746652278963,1.4236346860367046,2.212340329616219,1.1432904034981894,1.9882795354548168,2.933040965434301,3.180426154206949,0.845174809045262,32.0,88.0,88.0,98.0,98.0,97.0,97.0,93.0,97.0,96.0,95.0,69.23076923076923,AMD
2026-06-05,31.690000534057617,31.86000061035156,30.239999771118164,30.600000381469727,1646000.0,0.0352825841937691,29.521009249833916,28.03107274290543,27.380000076293943,26.279666709899903,23.462000045776367,21.48449995040893,19.83259999275208,19.76000022888184,31.86000061035156,17.450000762939453,31.86000061035156,15.649999618530272,31.86000061035156,14.970000267028809,31.86000061035156,14.970000267028809,31.86000061035156,14.869999885559082,31.86000061035156,1088660.0,1028504.0,1053534.9206349207,41035802.50898361,1,False,142,142,110775483.3744049,28,0.0652004183399217,1.461428506033761,0.0461163925971899,7.60455752950736,0.7390029134145719,9.787805640155486,4.448562912738506,31.75,30.1299991607666,858200.0,False,False,False,0.0511202528220965,0.1899652999782662,0.2414011169756011,0.7869280074518725,1.0509438952109085,0.3506947605586785,0.9946641533886628,False,False,0.5112065604063334,1.5073956404178044,0.4898918595222965,1.3600019287470126,0.8987417327753224,1.7614175494974549,0.5805487152080095,1.2780996984328803,1.0333402136721874,56.0,97.0,97.0,92.0,92.0,95.0,95.0,95.0,93.0,93.0,93.0,100.0,AMN
2026-06-05,5.179999828338623,6.019999980926514,5.099999904632568,5.789999961853027,6294900.0,-0.119047665387478,4.973502291397635,4.3550472324677125,3.79479998588562,3.4829999883969625,2.874999990463257,2.914149992465973,3.218974996805191,1.8600000143051147,6.099999904632568,1.6399999856948853,6.099999904632568,1.6399999856948853,6.099999904632568,1.6399999856948853,6.099999904632568,1.6399999856948853,6.099999904632568,1.6399999856948853,6.099999904632568,3416535.0,2909206.0,1083740.873015873,29482846.624159813,-1,False,16,16,82390465.80739021,16,0.1758332186450619,0.8005714416503906,0.1545504764827679,5.187554868473464,-0.8743757891978177,0.137849212600738,-2.653943909152689,6.099999904632568,5.0,9044400.0,True,False,True,0.1776061982204768,0.3687258514880496,0.7722007977909368,0.4774999618530273,2.17219062520839,0.8017390767030768,0.8491803130037325,False,False,1.2521738851002793,2.2464944136757614,1.0393700417852032,1.86157617583469,0.5462686494932216,1.434436652674224,1.2424242236585137,1.8133207135215343,3.152538660364764,96.0,99.0,99.0,97.0,97.0,91.0,91.0,99.0,98.0,98.0,97.0,88.46153846153845,AMPG
2026-06-05,19.690000534057617,22.000999450683597,19.09000015258789,21.8700008392334,8332500.0,-0.1264418928885854,20.2605354619034,19.45097597659519,18.756000213623047,19.069000180562337,18.61680009841919,15.96470006942749,13.238300042152405,14.25,24.225000381469727,14.25,24.225000381469727,9.229999542236328,24.225000381469727,7.710000038146973,24.225000381469727,7.710000038146973,24.225000381469727,2.609999895095825,24.225000381469727,9436467.5,9055952.0,8492277.38095238,183221696.9494581,-1,False,29,29,548361265.0327682,8,0.0983643316769729,2.030714648110526,0.1031343114794749,0.5589495762488422,-1.4034470003560091,5.785753245782931,4.285007921624667,22.940000534057617,20.799999237060547,7383400.0,False,False,True,0.1478415042732261,0.4466734300530522,0.5066023418443315,0.8817042345815009,1.1350159541481668,0.0576468796981686,0.8127967068730766,False,False,-0.112663359163194,0.885098979202906,0.2057563151285684,1.1006375420424956,0.7092013673304969,1.585585460135472,6.186131556761068,5.8110151792357625,1.1111822043360684,65.0,23.0,23.0,82.0,82.0,94.0,94.0,90.0,80.0,94.0,95.0,53.84615384615385,AMPX
2026-06-05,154.27000427246094,161.1929931640625,152.19000244140625,159.4600067138672,9094700.0,-0.070718574922256,161.26399559246354,157.94395874234814,153.9871990966797,156.85799916585287,152.2761996459961,143.8829995727539,140.93974956512452,135.1300048828125,179.8000030517578,115.41999816894533,179.8000030517578,115.41999816894533,179.8000030517578,115.41999816894533,179.8000030517578,114.5199966430664,179.8000030517578,85.58000183105469,179.8000030517578,10546537.5,9781804.0,8735392.46031746,1730005416.3362122,-1,False,30,30,3607877506.265259,303,0.0466848737847338,8.136784144810267,0.0527437863451384,0.2482442891264356,-1.4428292585176783,1.557766411562013,-2.081700535850973,167.7899932861328,157.39999389648438,10214000.0,False,False,True,0.0583586599683746,0.1846113627976549,0.2745186340303132,0.6724911897138085,1.0066292475293923,0.0130933437470854,0.8580089079756704,False,False,0.0490276542469985,1.0463822445718216,0.1608849799157867,1.059678124723172,0.2071205053882747,1.1198169850310769,0.6249210059550099,1.3139810419668274,1.2073341350042468,72.0,79.0,79.0,78.0,78.0,77.0,77.0,69.0,77.0,72.0,68.0,57.692307692307686,ANET
2026-06-05,39.619998931884766,42.10499954223633,37.68999862670898,42.10499954223633,21846500.0,-0.1026048117198555,44.5760438913384,43.40184882709504,43.35399993896485,41.71816660563151,36.16269992828369,33.978899974823,29.986025013923644,30.51000022888184,50.72499847412109,20.0,50.72499847412109,20.0,50.72499847412109,20.0,50.72499847412109,19.0049991607666,50.72499847412109,9.020000457763672,50.72499847412109,23442545.0,23682410.0,30609080.15873016,943519612.5174522,-1,False,368,368,3671875300.321579,238,0.0962921259680622,4.451571328299386,0.1123566746165891,0.8508974384783371,-1.0176187822030738,-3.097742360092194,-1.646381516177705,44.79999923706055,41.86000061035156,14487400.0,False,False,False,0.1114336454959949,0.3290005098137952,0.3797324223761559,0.8664008929105699,0.8457576741556286,0.0956040066271997,0.7810744233358256,False,False,-0.1044304378684224,0.893311138938571,0.5759745383366464,1.4385798526889304,0.349454976438788,1.2518572888170778,1.9901885986328125,2.4179951616784354,0.7658689800031068,24.0,25.0,25.0,94.0,94.0,85.0,85.0,87.0,94.0,93.0,91.0,26.923076923076923,APLD
2026-06-05,557.2000122070312,595.0,548.780029296875,577.9149780273438,5547000.0,-0.0029881420093166,561.0569195469042,535.9288209499284,515.142802734375,504.19866943359375,471.768002319336,471.05220184326174,540.0543258666992,430.25,622.0,364.6400146484375,622.0,359.0,622.0,359.0,738.010009765625,359.0,738.010009765625,320.0,745.6099853515625,4668667.5,4658696.0,5697975.793650794,2623109418.903351,-1,False,259,259,47505558007.9834,259,0.068725373008708,36.8617204938616,0.0661552758189197,2.73733315565798,-0.0453039871113542,-5.788696704946883,-8.992687024145612,587.0,554.22998046875,4960400.0,False,False,True,0.0829504122228046,0.2624012710910581,0.3139178117604403,0.8358916291481545,1.1143611860486282,0.1810890299208276,0.747307604718177,False,False,0.1884905576984552,1.185493454230817,0.1096506869645568,1.012910477268542,-0.1585750838575514,0.7805698838837866,0.3377509529050277,1.0817629808146705,0.8193554464029589,29.0,92.0,92.0,71.0,71.0,30.0,30.0,86.0,87.0,84.0,81.0,76.92307692307693,APP
2026-06-05,9.010000228881836,9.630000114440918,8.670000076293945,9.1899995803833,7170500.0,-0.0332617463619165,7.906312908938879,6.6462150474651605,5.570000009536743,5.221333336830139,4.416600003242492,4.36449999332428,4.858099992275238,3.289999961853028,9.800000190734863,2.740000009536743,9.800000190734863,2.740000009536743,9.800000190734863,2.740000009536743,9.800000190734863,2.740000009536743,9.800000190734863,2.740000009536743,9.800000190734863,5516717.5,4838368.0,4247428.174603174,63950778.58819604,-1,False,353,353,581250303.0592918,353,0.1140930248309719,0.9642857653754098,0.1070239446037261,9.717739773971983,-0.321480910611281,4.604255562238822,-2.79741315725908,9.460000038146973,8.390000343322754,9161600.0,False,True,False,0.1065482812164269,0.5915649572857646,0.6670366344294414,0.8868552741361313,3.1343895296926565,1.040030843243004,0.9193877605635242,False,False,1.26381914213641,2.2581103040164496,1.1975610825506324,2.0059759986650945,0.8350306535407928,1.7023142964725724,1.0338601756246215,1.6446668502579926,1.2988371487919068,77.0,99.0,99.0,98.0,98.0,95.0,95.0,99.0,98.0,98.0,97.0,92.3076923076923,APPS
2026-06-05,342.92999267578125,373.739990234375,337.5509948730469,369.75,14885100.0,-0.12838046322742,352.4962338732546,311.8788324422697,277.54359924316407,266.66466623942057,223.8105004882813,172.08055030822754,157.1599752426147,193.91000366210935,427.989990234375,114.45500183105467,427.989990234375,100.0199966430664,427.989990234375,100.0199966430664,427.989990234375,100.0199966430664,427.989990234375,100.0199966430664,427.989990234375,11481387.5,10858750.0,6345695.238095238,3802057463.914719,-1,False,72,72,8480162401.596069,4,0.087312204384359,36.15649959019253,0.105434054653762,5.048024645022294,-1.3969828478453117,14.140129697144625,7.822229709519133,397.4500122070313,367.5199890136719,10915900.0,False,False,True,0.1055288138519355,0.4076050557393213,0.6622342626631533,0.6154997992706553,1.2246989754806032,0.5322337063168181,0.801257039885411,False,False,0.4451326939131321,1.4414883972209385,1.9981640226480564,2.736781751937774,1.463754484235618,2.285566441857516,1.6306381640853571,2.127247209688841,1.8093190847038412,90.0,97.0,97.0,99.0,99.0,98.0,98.0,96.0,98.0,98.0,98.0,80.76923076923077,ARM
2026-06-05,73.08999633789062,75.43000030517578,72.08999633789062,74.45999908447266,1227800.0,-0.0275413414496985,74.82458045834652,74.96464380447175,76.12559967041015,75.49299977620443,71.4642000579834,67.31939987182618,55.679749984741214,68.97000122070312,82.26000213623047,54.02000045776367,82.26000213623047,54.02000045776367,82.26000213623047,54.02000045776367,82.26000213623047,37.060001373291016,82.26000213623047,14.300000190734863,82.26000213623047,1767290.0,1745654.0,2351934.9206349207,128609776.1694336,-1,False,119,119,578184873.0651855,150,0.0524720866128571,3.874643053327288,0.0530119475641378,0.4291447748136331,-0.534244650598502,-1.7242692071814063,-3.7407387012711495,75.88999938964844,72.01000213623047,1130300.0,True,False,True,0.0456971423537158,0.1489943895920397,0.1773156346124217,0.8402777900421088,0.8542471761299777,0.022749800299844,0.8885241239946307,False,False,-0.0764468422847771,0.921224166244818,0.2218321081705816,1.1153118349474087,0.1231655745757962,1.0419339923379138,3.366188610348381,3.5306879772148787,0.7514196011524452,23.0,30.0,30.0,83.0,83.0,69.0,69.0,43.0,78.0,73.0,69.0,11.538461538461538,ARWR
2026-06-05,34.029998779296875,36.58000183105469,33.70000076293945,36.45000076293945,21566000.0,-0.1138021503368159,37.154206634721575,35.83290329122287,35.262799682617185,34.54999974568685,30.809399871826173,26.15339986801148,19.80079993724823,29.420000076293945,41.09999847412109,20.61000061035156,41.09999847412109,18.3700008392334,41.09999847412109,14.720000267028809,41.09999847412109,13.350000381469728,41.09999847412109,9.247594996441416,41.09999847412109,8737410.0,8387998.0,8093483.73015873,356495767.20072746,-1,True,0,0,535488505.4889679,10,0.0446815961368707,2.414999553135463,0.070966783419478,1.4729848538103538,-1.8095252816541236,13.358729178365657,15.121331227464566,38.68000030517578,37.06999969482422,11165300.0,False,False,False,0.0846312421811594,0.2174551271416336,0.3294152067761042,0.6601247382287145,1.3157060838593428,0.1045329971005308,0.8279805363186109,False,False,-0.003805651893909,0.9936821720388852,0.6112688175694256,1.470797149215207,1.2097402352107711,2.0499234640204005,2.6456266475055994,2.948010569963713,1.0795610754664038,61.0,56.0,56.0,94.0,94.0,97.0,97.0,72.0,90.0,91.0,94.0,38.46153846153847,ASX
2026-06-05,177.47000122070312,182.5,175.66000366210938,178.1999969482422,1274400.0,-0.0200442007756621,174.08507089245475,168.6623972922053,164.44679992675782,162.40899963378905,158.8688003540039,150.27150009155272,121.75790027618407,142.35000610351562,183.3000030517578,135.47999572753906,183.3000030517578,117.19000244140624,183.3000030517578,107.0999984741211,183.3000030517578,93.11000061035156,183.3000030517578,70.41999816894531,183.3000030517578,1738595.0,1797388.0,1807542.4603174604,273989495.0214386,-1,False,441,441,683551654.4952393,122,0.0415738122750033,6.795000348772321,0.0382881630812748,3.0580024946003848,-0.5342170267096965,4.836664074383067,3.489623843000334,182.33999633789065,176.47000122070312,1181100.0,False,True,True,0.0385417044618394,0.1363047403787605,0.2082605874775615,0.6544912891568901,0.9260493560655796,0.1170852982162047,0.968194207670534,False,False,0.0750545144912739,1.0723434709811588,0.1824239159895317,1.079339279602456,0.8041069052106895,1.6736270705773106,1.138708050629094,1.7294513533455222,0.961855689793671,47.0,84.0,84.0,80.0,80.0,95.0,95.0,83.0,75.0,82.0,84.0,100.0,ATI
2026-06-05,6.309999942779541,6.71999979019165,6.184999942779541,6.699999809265137,41185100.0,-0.0774854090621366,7.002922193737325,6.92604776018592,7.143600006103515,6.81433334350586,5.898200006484985,5.173599994182586,5.043625004291535,4.789999961853027,8.5649995803833,3.819999933242798,8.5649995803833,3.75,8.5649995803833,3.75,8.5649995803833,3.5999999046325684,8.5649995803833,3.5999999046325684,8.5649995803833,29184855.0,26493858.0,20413356.746031743,236752110.2578163,-1,False,343,343,491147137.6955032,23,0.0757452710513688,0.5323571477617536,0.0843672191108216,0.8275477182634049,-0.995572637723916,0.6062386211767175,1.60563224011545,7.150000095367432,6.829999923706055,15617200.0,False,False,False,0.0847860304696679,0.2987321345702484,0.3771790268123798,0.7920168231380658,1.1762220511637074,0.0698178996713891,0.736719235483857,False,False,-0.1320495241630835,0.8657617017116037,0.4053452704760683,1.2828261770728484,0.3991129983476695,1.2979238547716712,0.0860585206410169,0.8782336503491213,1.4296940656598964,83.0,20.0,20.0,91.0,91.0,87.0,87.0,88.0,90.0,88.0,85.0,11.538461538461538,AUR
2026-06-05,42.79999923706055,43.900001525878906,42.06999969482422,42.34000015258789,817300.0,0.0096720890142836,41.07573504891904,40.81309561626678,41.49240020751953,41.43033358256022,38.552200088500975,35.57830005645752,29.171999983787536,36.75,45.83000183105469,30.0,45.83000183105469,27.540000915527344,45.83000183105469,27.540000915527344,45.83000183105469,21.68000030517578,45.83000183105469,9.220000267028809,45.83000183105469,1004842.5,1012144.0,1031570.6349206348,33315112.287044525,1,False,311,311,113352009.53102112,38,0.0427890060657778,1.877143314906529,0.0438584894478481,2.51224005890298,0.218416912633293,1.8780890316883552,-1.8393419376180085,43.29999923706055,41.20000076293945,1043700.0,False,False,False,0.0427570528896198,0.1359813037049,0.1434579322219195,0.9478827806784942,0.7606229943565342,0.1101830541138577,0.9338860468484426,False,False,-0.0156393816084389,0.9818782843051206,0.4991243565955048,1.3684295295466709,0.5107659496054657,1.4015016423158488,2.926605572013,3.175222218186553,0.9740898645077356,49.0,50.0,50.0,93.0,93.0,90.0,90.0,73.0,82.0,84.0,81.0,69.23076923076923,AXGN
2026-06-05,9.40999984741211,10.119999885559082,9.130000114440918,10.0600004196167,70458600.0,-0.0899420011075164,9.152587338745665,8.139222391149005,7.366399955749512,7.016333309809367,5.832799987792969,4.672200000286102,4.465650005340576,4.960000038146973,10.93000030517578,3.119999885559082,10.93000030517578,3.119999885559082,10.93000030517578,3.119999885559082,10.93000030517578,3.119999885559082,10.93000030517578,3.119999885559082,10.93000030517578,33164180.0,28490986.0,13506769.84126984,370345943.8674212,-1,False,1,1,1006270202.8495789,1,0.0896895886030404,0.8314286300114223,0.0883558600949475,6.941139326045391,-1.1185569892667817,9.317700702288978,4.17913495876526,10.93000030517578,9.579999923706056,97318200.0,False,False,True,0.1052072037376736,0.4495218453243607,0.5366631533074561,0.8376238289399165,2.127427952124928,0.6132903351916053,0.8609331733464003,False,False,0.5709516205299501,1.5669900370584755,1.735465026420798,2.4969850584626334,1.2511962281951083,2.088381202802874,1.34663324446643,1.8975886116173264,2.455374629888716,94.0,98.0,98.0,99.0,99.0,97.0,97.0,97.0,98.0,97.0,97.0,84.61538461538461,BB
2026-06-05,263.6099853515625,280.4100036621094,252.0800018310547,280.0,11653200.0,-0.0952740852895991,284.4044012738188,279.65984104785355,284.6352014160156,279.31433359781903,236.95500076293945,194.7223007965088,144.18275045394898,216.0399932861328,322.8299865722656,116.50499725341795,322.8299865722656,116.50499725341795,322.8299865722656,75.69999694824219,322.8299865722656,75.69999694824219,322.8299865722656,19.96999931335449,322.8299865722656,10657990.0,10408312.0,11636551.984126983,2896615794.8216248,-1,False,316,316,5725563549.27063,37,0.0868921230870003,25.313999720982142,0.0960282277897107,1.171422720427392,-1.096626770625087,3.908999315385999,5.827396283625008,295.69000244140625,272.1099853515625,6633400.0,False,False,False,0.1074693805444148,0.2683888648863414,0.3075755512983835,0.8725949242499235,0.9538194089493088,0.1124896478352441,0.8165597878639236,False,False,-0.0765755272906597,0.9210958057533164,0.9499221879651624,1.7799264554606615,1.571804735137195,2.3858020899608814,12.017777054398149,10.526734650695712,0.915906190642915,41.0,30.0,30.0,97.0,97.0,98.0,98.0,81.0,96.0,95.0,98.0,15.384615384615383,BE
2026-06-05,29.399999618530277,32.564998626708984,28.63999938964844,32.564998626708984,2365700.0,-0.104750320282399,30.436327813979982,30.14742952701863,30.17239990234375,30.02849992116292,28.916099967956544,28.463500022888184,26.35212498664856,25.8700008392334,34.375,21.6299991607666,34.375,21.6299991607666,34.375,21.6299991607666,36.43999862670898,20.229999542236328,36.43999862670898,15.600000381469728,36.43999862670898,2138267.5,2122418.0,2208084.126984127,63660992.194890976,-1,False,452,452,237608822.31445312,144,0.0690837853121388,2.2088572638375417,0.0751312004250959,0.2227384858562182,-1.5573666032549147,-4.561614581265079,-4.112232724907304,34.02000045776367,29.799999237060547,4393800.0,False,False,True,0.1335033771424504,0.2173469857111689,0.2892856894938889,0.7513229779579549,0.9609040255029876,0.0167346098232459,0.8068057279503109,False,False,-0.0909091069940009,0.9067983720850904,0.1077618162902802,1.011186279808336,0.099476434935694,1.019958140870436,0.7142857301736667,1.38624520312517,0.9683813555240376,48.0,27.0,27.0,71.0,71.0,66.0,66.0,68.0,79.0,74.0,69.0,38.46153846153847,BEAM
2026-06-05,4.570000171661377,5.060999870300293,4.493000030517578,5.060999870300293,5429400.0,-0.1194604775960498,4.603587800791571,4.545445587431376,4.448799962997437,4.563333296775818,4.551199994087219,4.188100001811981,3.3514499962329865,3.759999990463257,5.59499979019165,3.5799999237060547,5.71999979019165,2.819999933242798,5.71999979019165,2.819999933242798,5.71999979019165,1.899999976158142,5.71999979019165,1.3200000524520874,5.71999979019165,5076062.5,4797856.0,5346712.698412699,18298190.915896893,-1,False,99,99,301816033.9307785,99,0.0690128024828478,0.326714209147862,0.0714910715263908,0.0577808896956825,-1.897682648012676,-0.9532278757096826,-1.675710565483958,5.284999847412109,4.360000133514404,8825400.0,True,False,True,0.1242888005354766,0.2067832952576616,0.3336979867977673,0.6196719891600052,0.8469574743385379,0.0041308177180925,0.7989511082671312,False,False,0.004395600019367,1.0018627422560475,0.2520548088372947,1.1428996970704035,0.5387205816963732,1.4274344896877222,0.9121338791090168,1.5462337292975474,0.9493800745095116,46.0,62.0,63.0,85.0,85.0,91.0,91.0,80.0,72.0,86.0,83.0,69.23076923076923,BFLY
2026-06-05,4.920000076293945,5.869999885559082,4.809999942779541,5.820000171661377,12126100.0,-0.1894563530222558,5.697213760108363,5.270265879554558,4.96600001335144,4.683333341280619,3.913000016212463,3.123700013160706,2.9783000105619437,3.0299999713897705,6.570000171661377,2.140000104904175,6.570000171661377,1.919999957084656,6.570000171661377,1.919999957084656,6.570000171661377,1.919999957084656,6.570000171661377,1.3600000143051147,6.570000171661377,9667715.0,8314748.0,6316737.301587301,69004977.665205,-1,False,21,21,146184718.73426437,21,0.1124933787104633,0.5914286375045776,0.120209070799462,2.1408311072991117,-1.9444443884551168,2.543828207598976,0.9178387999968824,6.190000057220459,5.75,9686300.0,False,False,False,0.215447139500453,0.3577236182092865,0.5426829339208381,0.659176096850446,1.4497156137504108,0.2573473181470096,0.7488584395348363,False,False,0.0292886737114199,1.0266930412655426,1.4477612436008038,2.234363515132328,0.8426966051338394,1.7094258174532873,2.56521745890886,2.8829882402450115,1.5304918565428782,85.0,74.0,74.0,98.0,98.0,95.0,95.0,95.0,96.0,96.0,96.0,61.53846153846154,BLDP
2026-06-05,7.760000228881836,8.319999694824219,7.670000076293945,8.229999542236328,1412900.0,-0.0739856655241163,8.034488741122344,7.532576298131935,7.42959997177124,6.896666638056437,5.622399978637695,4.888499987125397,6.135999969244003,3.9700000286102295,9.454999923706056,3.260999917984009,9.454999923706056,3.260999917984009,9.454999923706056,3.260999917984009,9.454999923706056,3.260999917984009,10.6899995803833,3.260999917984009,10.857999801635742,2259137.5,1907798.0,944457.5396825396,12814726.295547483,-1,False,31,31,282142316.6721344,31,0.0795281472892841,0.6261428764888218,0.0806885126315318,4.711867219027243,-0.9901891546475984,1.4912193026083216,-0.7497103042273576,8.414999961853027,7.820000171661377,1359200.0,False,False,True,0.0837628349688765,0.2789948322160023,0.3556700606492605,0.7844203465051547,0.9100020023084204,0.3801935576205804,0.7146804541028636,False,False,0.0486486660641765,1.0460042121111883,1.0474934846932755,1.868991410673672,0.6405920079471514,1.5219381891077473,0.3333333333333332,1.0781907035491571,2.3919947748623653,94.0,79.0,79.0,97.0,97.0,93.0,93.0,97.0,96.0,96.0,95.0,80.76923076923077,BLZE
2026-06-05,56.34073257446289,59.90761323192089,56.16088953195539,59.32812194823574,3588000.0,-0.0596965399148063,55.17046615582204,50.82223374765989,47.32541610717774,45.44392789204915,42.347369079589846,41.59443786621094,40.77144574165344,33.77047050023052,64.483613310197,32.293229919123384,64.483613310197,32.293229919123384,64.483613310197,32.293229919123384,64.483613310197,32.293229919123384,64.483613310197,28.38933872671557,64.483613310197,2617620.0,2438842.0,2870949.603174603,162513390.39800644,-1,False,275,275,501858147.5830078,274,0.0537271472105265,3.1144196696886888,0.0552782956020763,5.977795277750016,-1.148488051918325,-2.187464242810077,-5.4890703976453015,64.483613310197,59.16826161721495,5790000.0,False,False,True,0.0665011534064387,0.3474020172636015,0.4064550880500264,0.8547119410665205,1.5326331103039883,0.3304423344121612,0.8737217051320781,False,False,0.333096940221065,1.329735172274022,0.5396583296482156,1.405429719311545,0.1812269548180671,1.0957961539691832,0.4986489781517915,1.2118720470950293,0.911761041400908,41.0,96.0,96.0,93.0,93.0,75.0,75.0,95.0,91.0,89.0,87.0,84.61538461538461,BRKR
2026-06-05,72.62999725341797,75.80000305175781,71.66000366210938,75.77999877929688,3779300.0,-0.0571206230768042,71.77990409701476,68.18159488911571,65.57685302734374,63.86450881958008,59.95117927551269,56.52428588867188,50.0719044303894,53.68263319524187,78.81999969482422,50.37049268396341,78.81999969482422,46.77018424070373,78.81999969482422,43.95521775231819,78.81999969482422,40.35365716229136,78.81999969482422,31.41051511701628,78.81999969482422,3077435.0,2815876.0,2766821.4285714286,274397219.037056,-1,False,441,441,920463612.7593994,114,0.044470616613855,3.2020795379286184,0.0440875624262525,4.796947319298387,-1.3741075053760867,10.257045389678304,8.305700292702753,77.06999969482422,74.80000305175781,3875300.0,False,False,True,0.0570012329093625,0.1926725652122143,0.2833290072637216,0.6800312014395172,1.5096048263488877,0.2114857143950126,0.9214666015557886,False,False,0.225422023437948,1.22233178719503,0.4054502585348385,1.282922012191022,0.689838902975674,1.5676233624328777,1.294978636812064,1.855818473291014,1.1122636857662866,65.0,94.0,94.0,91.0,91.0,93.0,93.0,89.0,83.0,84.0,84.0,92.3076923076923,BWA
2026-06-05,8.510000228881836,9.239999771118164,8.335000038146973,9.18000030517578,2048400.0,-0.0819849181609621,8.489358102582072,8.172413937290434,8.188800086975098,7.869000053405761,6.898400020599365,6.186950001716614,5.778150000572205,6.110000133514404,9.56999969482422,4.440000057220459,9.56999969482422,4.440000057220459,9.56999969482422,4.440000057220459,9.56999969482422,4.349999904632568,9.56999969482422,4.349999904632568,9.56999969482422,2120542.5,1924564.0,1113430.1587301588,19017518.77183914,-1,False,105,105,38275384.887743,46,0.0786391203304561,0.5671429974692208,0.0666442987327322,3.5054674434437567,-1.3400504498392958,2.304702213648027,0.0334114683329728,9.56999969482422,8.75,2853600.0,False,False,True,0.1063454416722269,0.1962396656335008,0.2467684897945644,0.7952379406174224,0.93154085808526,0.2336194194987328,0.8892372518553301,False,False,0.1153342203462599,1.112521600559151,0.7226720911558195,1.5724881987889694,0.6952191755409514,1.5726145133376963,0.5196429238939784,1.2288486549425603,1.904513258755654,91.0,88.0,88.0,95.0,95.0,94.0,94.0,90.0,94.0,92.0,90.0,73.07692307692307,CADL
2026-06-05,3.849999904632568,4.159999847412109,3.785000085830689,4.150000095367432,2127000.0,-0.0767386488745042,3.926206280191402,3.6938574357303446,3.50580002784729,3.3831666866938277,3.145000014305115,2.7620000076293945,2.6017000031471254,2.5199999809265137,4.5980000495910645,2.299999952316284,4.5980000495910645,1.690000057220459,4.5980000495910645,1.690000057220459,4.5980000495910645,1.690000057220459,4.5980000495910645,1.3600000143051147,4.5980000495910645,2785640.0,2921224.0,2086853.5714285716,11325132.940642834,-1,False,57,57,53595152.97224522,23,0.1043393098990246,0.3752142872129168,0.0974582588330547,2.300116055887459,-0.8528464468619544,3.935781016656581,0.784691349206635,4.445000171661377,3.9700000286102295,1548800.0,False,False,True,0.0974025378884287,0.2916883565652118,0.4353247168237442,0.6700477719102533,0.9057675823558892,0.2241653059207449,0.8373205443908115,False,False,0.313993111574766,1.3106795191481004,0.2664473529420068,1.156037487989176,0.3701067555269415,1.2710154531352171,1.5,2.02160756915467,1.3348516820435414,79.0,96.0,96.0,85.0,85.0,86.0,86.0,94.0,90.0,95.0,94.0,80.76923076923077,CCCC
2026-06-05,60.81999969482422,64.0,60.5099983215332,64.0,1816900.0,-0.0595329918529342,64.45946012657706,63.62501389392059,63.84450424194336,62.26225331624349,58.23091590881348,52.95241634368897,47.15384426116943,52.28976778256639,71.80355530331065,45.54882064076288,71.80355530331065,38.12219983049291,71.80355530331065,34.50243695793348,71.80355530331065,34.50243695793348,71.80355530331065,29.02009389134151,71.80355530331065,2315192.5,2185900.0,2034258.3333333333,150029919.88204956,-1,False,113,113,737923943.844223,113,0.0401458772353207,2.6762912017899465,0.0440034727921529,1.010428369095454,-1.43855738551401,5.89416110939711,6.473304908686407,65.9000015258789,64.23999786376953,1840700.0,False,False,False,0.0573824678720574,0.13959226769265,0.1501218773132101,0.9298595926922004,0.9982615856169084,0.0444623572479112,0.8470332623212042,False,False,-0.0218167243003993,0.9757165194695284,0.231581182627377,1.1242109775126894,0.6182536386250261,1.50121541514015,1.0536202377372668,1.6606456867115484,1.138101519390769,67.0,47.0,47.0,84.0,84.0,92.0,92.0,73.0,77.0,85.0,87.0,19.230769230769237,CGNX
2026-06-05,22.450000762939453,24.57999992370605,21.21999931335449,24.4950008392334,25866900.0,-0.121330667972174,23.898115604671272,22.649430846157696,21.849000015258788,21.150166702270507,19.09990016937256,17.497650117874144,16.404325020313262,16.479999542236328,28.6200008392334,11.720000267028809,28.6200008392334,11.720000267028809,28.6200008392334,11.720000267028809,28.6200008392334,11.720000267028809,28.6200008392334,3.289999961853028,28.6200008392334,26092007.5,25944124.0,35253607.53968254,572557298.4524059,-1,False,253,253,3091943755.0935745,214,0.0968351304567625,2.34728581564767,0.1045561575001181,1.6775564231976503,-1.3206736280071345,-0.9808289356373248,-2.6941986807973075,26.32999992370605,24.170000076293945,25965300.0,False,False,True,0.1496659463770827,0.3412027391734392,0.4899777116337048,0.6963637958873402,0.9977588759597356,0.1753988535991884,0.7844164956195294,False,False,0.0246463221948003,1.0220623967059017,0.6483113767675273,1.5046103093000578,0.2050457205718769,1.1178922564995708,5.002673985479544,4.85402046568531,0.7401230489852716,22.0,72.0,72.0,95.0,95.0,77.0,77.0,89.0,94.0,92.0,90.0,65.38461538461539,CIFR
2026-06-05,13.529999732971191,14.270000457763672,13.3100004196167,14.229999542236328,16590900.0,-0.0623701007048334,13.30168799928877,12.405223724452105,11.748399925231933,11.49166660308838,10.49379991531372,10.995899996757508,11.619350011348724,9.050000190734863,15.0600004196167,7.730000019073486,15.0600004196167,7.730000019073486,15.0600004196167,7.730000019073486,15.350000381469728,7.730000019073486,15.350000381469728,6.71999979019165,16.700000762939453,18090360.0,17279634.0,22281093.253968254,217666347.54878044,-1,False,368,368,1255537281.6810608,228,0.0569435759880621,0.8357142720903669,0.0617675010039962,4.6842227565795325,-1.0769237791684758,1.144008109177391,-3.8678012125617065,14.68000030517578,13.619999885559082,16555000.0,False,False,True,0.0709534410268725,0.3296378511581504,0.3688101125850263,0.893787452973256,1.2954082245029033,0.2893327338199682,0.8101795877157617,False,False,0.2134529323647309,1.2103928794532055,0.376398762765217,1.2564032484115224,0.038372986204658,0.963273924648808,0.794429681886373,1.4510530508869193,0.8119152769480068,28.0,93.0,93.0,90.0,90.0,56.0,56.0,93.0,92.0,89.0,87.0,88.46153846153845,CLF
2026-06-05,35.16999816894531,37.130001068115234,34.959999084472656,37.130001068115234,1334600.0,-0.0598770833360949,35.452999821051975,34.52927370049134,33.924400100708006,33.507000096639,33.44900024414063,29.79560007095337,24.2686000585556,29.809999465942383,38.75,27.01000022888184,38.75,21.26000022888184,38.75,18.229999542236328,38.75,17.850000381469727,38.75,12.9399995803833,38.75,968847.5,1123136.0,1033315.873015873,31457144.215765,-1,False,343,343,162582100.24795532,67,0.0410272646676752,1.4414280482700892,0.040984592644729,1.255383979336104,-1.5540156035919417,10.497740065699116,7.60268715756817,37.72999954223633,36.54999923706055,609800.0,False,False,True,0.0617003723804189,0.1705999520152926,0.2271822629258263,0.7509386948530947,0.8076047780500314,0.0514514010058091,0.9076128559727824,False,False,0.0194202367810234,1.016849490293518,0.1569078490220603,1.0560477231931702,0.7916454239711661,1.6620668507911545,1.6583521833592116,2.14965795814313,0.9376101977145544,44.0,70.0,70.0,77.0,77.0,95.0,95.0,76.0,74.0,87.0,91.0,88.46153846153845,CLMT
2026-06-05,3.829999923706055,3.994999885559082,3.829999923706055,3.930000066757202,4783700.0,-0.040100272042171,3.7693920361695374,3.551411393601231,3.427599983215332,3.286999988555908,2.7735999989509583,2.4609999895095824,2.6154999911785124,2.3499999046325684,4.230000019073486,1.5800000429153442,4.230000019073486,1.5800000429153442,4.230000019073486,1.5800000429153442,4.230000019073486,1.5800000429153442,4.230000019073486,1.5800000429153442,4.230000019073486,7016525.0,6702280.0,7502842.46031746,30812917.785975933,-1,False,343,343,131106217.70882608,224,0.0716028233749503,0.2357857227325439,0.0615628531147302,6.186795973714539,-0.6785825875139162,3.124895091550357,0.0652138674544906,4.014999866485596,3.630000114440918,7458600.0,True,False,True,0.0430809308459116,0.2036553490672168,0.3942558800372306,0.5165562757059834,1.1777410075377337,0.3808768117805927,0.9054373301267632,False,False,0.4291044135459114,1.4255005365393076,0.9149999618530272,1.7480487761746828,0.4618320958013213,1.3561068698898076,0.2435064995383349,1.0055528607038904,0.9351822375466908,44.0,97.0,97.0,97.0,97.0,89.0,89.0,95.0,97.0,96.0,95.0,88.46153846153845,CLOV
2026-06-05,371.7099914550781,412.9400024414063,367.0,412.05999755859375,3570200.0,-0.126128445890702,402.4204413798804,391.4579595557144,386.7691979980469,388.3106648763021,368.4597985839844,329.17289993286136,304.8312000274658,324.5,474.0299987792969,253.1100006103516,474.0299987792969,244.50999450683597,474.0299987792969,244.50999450683597,474.0299987792969,244.50999450683597,474.0299987792969,117.27999877929688,474.0299987792969,2492562.5,2356454.0,2899730.1587301586,910030058.9512634,-1,False,311,311,2942594600.0,311,0.0656265084732123,31.08214242117745,0.0836193353304945,0.1054902476560658,-1.7260712974511878,0.3165574356579563,-1.4579471572474378,427.1499938964844,401.0799865722656,2889600.0,False,False,False,0.1235909808654099,0.3605767987420232,0.4022759737879359,0.8963418703501919,1.183939936871248,0.0088210243928494,0.7841486665660208,False,False,-0.1018677462959636,0.8958673679844674,0.4897001646777508,1.3598269460080663,0.2052462210736831,1.1180782560467806,2.100166694950785,2.5069281824614893,0.8595842935576928,34.0,25.0,25.0,92.0,92.0,77.0,77.0,70.0,84.0,82.0,79.0,38.46153846153847,CLS
2026-06-05,12.109999656677246,13.032999992370604,11.739999771118164,12.9399995803833,4270300.0,-0.0720306912121726,12.423123765749413,11.610909093506844,11.088200035095214,10.71850004196167,9.005500001907349,7.889099998474121,6.871849987506867,8.220000267028809,14.760000228881836,4.880000114440918,14.760000228881836,4.880000114440918,14.760000228881836,4.880000114440918,14.760000228881836,4.880000114440918,14.760000228881836,2.25,14.760000228881836,5214065.0,4467442.0,2840244.4444444445,51804306.99763775,-1,False,46,46,376049191.5163994,46,0.0836827642185187,1.0442141124180384,0.0862274270868601,3.997959199793202,-0.9001990328218237,4.236479342560773,1.5223294272026904,13.81999969482422,12.527999877929688,3532700.0,False,False,True,0.106771284715892,0.2782824096696751,0.4574731724949609,0.6083032326288824,0.964491536767573,0.3447337353964099,0.8204606686238958,False,False,0.2407786242505694,1.2376496621454651,0.8404255010775941,1.6799757748748594,1.3791747138789776,2.2071038003792083,1.6792034751723444,2.166519209885563,1.8357803710165792,90.0,94.0,94.0,96.0,96.0,97.0,97.0,92.0,97.0,96.0,95.0,80.76923076923077,CMPS
2026-06-05,376.989990234375,417.760009765625,375.0899963378906,405.2699890136719,6418700.0,-0.1064470355814423,390.2103896864251,377.1874032458188,371.0252026367188,362.062001546224,333.5250018310547,283.97100082397463,210.81660034179689,291.0,440.0,215.5500030517578,440.0,175.24000549316406,440.0,167.5,440.0,123.75,440.0,76.87999725341797,440.0,6201842.5,6156114.0,5123745.634920635,2346578425.8872986,-1,False,77,77,3942493961.480713,98,0.0848255093415493,32.002855573381694,0.0848904650054116,1.5351551021455705,-1.403312387519043,5.309757788551326,2.766387531794326,432.510009765625,380.2000122070313,6032700.0,False,False,True,0.1131860647048119,0.2559484143713924,0.3314942159154124,0.772105219587611,0.9723179265361231,0.1303200304765677,0.8567954323508523,False,False,0.0937707823353104,1.091012540645207,0.5993126942223359,1.459883369997974,1.205135560536896,2.045651816834116,3.6182776297789214,3.734538005127502,1.2104118630971157,72.0,86.0,86.0,94.0,94.0,97.0,97.0,86.0,92.0,94.0,94.0,73.07692307692307,COHR
2026-06-05,49.810001373291016,54.540000915527344,49.380001068115234,53.91999816894531,1608300.0,-0.108625618804573,52.71382303532855,50.6405071511269,49.71719985961914,49.07533315022786,44.06979988098144,36.90899991989136,29.714299974441527,41.54999923706055,58.470001220703125,27.09000015258789,58.470001220703125,26.6299991607666,58.470001220703125,22.799999237060547,58.470001220703125,21.100000381469727,58.470001220703125,17.709999084472656,58.470001220703125,1550942.5,1361234.0,795652.7777777778,80507992.33135223,-1,False,253,253,268259979.71076965,3,0.0581584458611694,3.427856990269252,0.0688186487805906,1.8926918743707908,-1.770785570125967,8.949973916076292,9.445778087559196,57.41999816894531,53.5,1226600.0,False,False,True,0.1035936499728544,0.2706283712223412,0.3396908555942216,0.7966901868727985,1.4501988636781038,0.1302524973522012,0.8518898637486985,False,False,0.00382915045337,1.0012977211473046,0.8007954319620605,1.6438006859990908,0.9852531315410692,1.8416721167127796,1.7114860695547822,2.192624304747757,1.949270515125596,91.0,62.0,62.0,96.0,96.0,96.0,96.0,78.0,93.0,91.0,93.0,65.38461538461539,COHU
2026-06-05,72.62000274658203,75.08999633789062,72.58000183105469,74.7699966430664,774500.0,-0.0303110784025479,68.90515967335412,63.70435675719999,60.11720001220703,57.83133341471354,51.73259994506836,44.55680011749268,59.4969002532959,44.58000183105469,75.43000030517578,31.809999465942383,75.43000030517578,28.65999984741211,75.43000030517578,28.65999984741211,89.0,28.65999984741211,89.0,28.65999984741211,91.0,1115422.5,1219598.0,1374434.5238095238,67890796.57299042,-1,False,156,156,475255412.3352051,431,0.0420608920480409,2.842856815883092,0.0391470215968408,10.313864251541055,-0.7984913733199276,11.561312928054996,2.188928217870918,75.43000030517578,72.29000091552734,910100.0,True,False,False,0.0345634041848624,0.2258331162986742,0.3457725097859956,0.6531262894162586,0.7897602324700435,0.403757066601963,0.7980220082041981,False,False,0.3925215843099274,1.3890099608964626,1.1440804557634197,1.9571578545049344,-0.1320663997153589,0.8051613597312646,0.0377250537726199,0.8391491293632661,0.8115501180139019,28.0,97.0,97.0,97.0,97.0,32.0,32.0,95.0,96.0,96.0,95.0,96.15384615384616,CORT
2026-06-05,25.850000381469727,27.190000534057617,25.18000030517578,27.11400032043457,13426300.0,-0.0738086519958685,26.982997422085653,25.659050279125864,24.82560012817383,24.073333422342937,21.57880006790161,19.42534999847412,18.102625017166137,19.200000762939453,30.459999084472656,13.5600004196167,30.459999084472656,13.5600004196167,30.459999084472656,13.354999542236328,30.459999084472656,13.354999542236328,30.459999084472656,10.93000030517578,30.459999084472656,15392625.0,14550804.0,15111803.57142857,355968845.36149025,-1,False,333,333,1504395308.1253052,344,0.0587148333612446,1.6489997591291154,0.0637910922551158,3.1028630675385176,-1.2492418234374565,2.689227544157961,1.4842000769252,28.5049991607666,27.43000030517578,8833500.0,False,False,True,0.0777562939737007,0.2338490553090513,0.3392649292454831,0.6892815471057556,1.0285431650374783,0.1979350241963413,0.8486540104542245,False,False,0.0495331409773849,1.0468864565793905,0.7395693794551466,1.5879123683559118,0.5619336297964057,1.4489686823559171,1.058120980720366,1.6642851811441297,1.018582919453927,54.0,79.0,79.0,96.0,96.0,91.0,91.0,89.0,94.0,92.0,91.0,69.23076923076923,CORZ
2026-06-05,206.88999938964844,234.22000122070312,202.67999267578125,208.1199951171875,15917900.0,-0.0487816120016163,214.1334604159373,204.88169681870733,200.13340087890623,196.4858337402344,170.54030029296874,145.7248506164551,147.79825046539307,148.94500732421875,245.9499969482422,86.48500061035156,245.9499969482422,86.48500061035156,245.9499969482422,86.48500061035156,245.9499969482422,86.48500061035156,245.9499969482422,66.75,245.9499969482422,7868820.0,7351322.0,6333065.873015873,1694388779.7370148,-1,False,367,367,3720746200.0,3,0.10827074177484,23.053355625697545,0.1114280810754886,1.912842203829645,-0.4602367127206682,1.827496411368852,-0.1194476175469908,227.69000244140625,200.0,7454800.0,False,True,True,0.1524482026099322,0.2439943732247156,0.4688722988554322,0.5203855587551922,1.3241482280329986,0.2131443361729461,0.841187241133353,False,False,0.0433708527646465,1.0407397082590404,0.883729363019548,1.7195043724618913,0.0935567245617221,1.0144665663394357,1.705859297239558,2.1880742545468106,1.2424977345534516,75.0,78.0,78.0,96.0,96.0,65.0,65.0,90.0,97.0,96.0,95.0,61.53846153846154,CRDO
2026-06-05,167.7550048828125,176.55499267578125,167.52499389648438,174.18499755859375,20955200.0,-0.0668483854996927,174.5683866501543,162.7123598627398,153.33270080566408,146.57608388264973,128.92575012207033,117.14927513122558,119.5090376663208,108.1374969482422,196.4149932861328,90.45175170898438,196.4149932861328,85.68000030517578,196.4149932861328,85.68000030517578,196.4149932861328,85.68000030517578,196.4149932861328,85.68000030517578,196.4149932861328,14009390.0,14113768.0,12822830.15873016,2568992861.010437,-1,False,457,457,5086866964.416504,260,0.0524295883869323,9.712071010044642,0.0578943741012623,5.202151853162832,-1.237377879406531,4.817456211508463,0.0269975097269333,180.2400054931641,167.77749633789062,29799200.0,False,False,False,0.0538284910522037,0.2273701854612956,0.43714043997849,0.5201307512809467,1.1911291159100816,0.3011753255185843,0.8540845180715451,False,False,0.4335890123941515,1.429973826246998,0.5641857264889654,1.4278187986244948,0.2801572799071634,1.187571463786973,0.4569654835163597,1.1781649797895064,1.0925349417080126,63.0,97.0,97.0,94.0,94.0,82.0,82.0,94.0,93.0,93.0,91.0,80.76923076923077,CRWD
2026-06-05,33.88999938964844,35.400001525878906,33.2400016784668,35.0,2161200.0,-0.0625173455279826,34.62905848230528,33.82563677361531,33.55120002746582,33.198000017801924,31.198600006103515,27.74169998168945,22.02989995479584,29.850000381469727,36.9900016784668,22.030000686645508,36.9900016784668,21.950000762939453,36.9900016784668,17.8799991607666,36.9900016784668,14.619999885559082,36.9900016784668,12.640000343322754,36.9900016784668,2285230.0,2332110.0,1693459.9206349207,77452050.63211441,-1,False,100,100,156270071.6238022,100,0.0477814319543381,1.9414285932268416,0.0572861796456639,1.5058897662884114,-1.1640923308305289,5.447354466490837,7.192877396103573,36.880001068115234,34.95000076293945,1514400.0,False,False,True,0.063735611871149,0.1888463157610372,0.210681659061285,0.8963585943003411,1.1737096449138331,0.0862666716781648,0.916193507754746,False,False,0.0168016059954723,1.0142374631005298,0.3692929046322601,1.2499168845157411,0.884872094130946,1.7485510155757067,1.6312111093579365,2.127710517888744,1.349444396146801,80.0,70.0,70.0,90.0,90.0,95.0,95.0,68.0,87.0,84.0,90.0,76.92307692307693,CSTM
2026-06-05,2.9100000858306885,3.0799999237060547,2.8299999237060547,3.049999952316284,9099200.0,-0.052117215274042,3.302842667178991,3.1430101459799724,3.020799989700317,2.893666664759318,2.546999995708465,2.393899992704392,2.398099993467331,2.0999999046325684,4.119999885559082,1.7799999713897705,4.119999885559082,1.7799999713897705,4.119999885559082,1.7300000190734863,4.119999885559082,1.7000000476837158,4.119999885559082,1.3200000524520874,4.119999885559082,4817812.5,4328552.0,4044613.492063492,22639682.077041864,-1,False,352,352,80707918.27762127,24,0.0954053242582777,0.3228571074349539,0.1109474563272362,1.2845778788179774,-0.4955748029934406,0.4027405448012509,1.5411692228819285,3.390000104904175,3.059999942779541,15761300.0,False,False,False,0.0859106503870205,0.443298942888101,0.6185566664003916,0.7166666644590872,1.782741665111104,0.1425206481090912,0.7063107200634795,False,False,0.1547619475619146,1.15184989999459,0.4846938924459751,1.3552571244820728,0.3167420975569972,1.2215103290582336,0.7218934836113331,1.3923971598987095,1.1911675885603683,71.0,91.0,91.0,92.0,92.0,84.0,84.0,90.0,89.0,86.0,85.0,46.15384615384615,DDD
2026-06-05,234.1100006103516,241.6100006103516,230.57000732421875,237.3999938964844,6792800.0,-0.0389573286345952,239.30430463501312,221.3311764152581,210.1288006591797,197.10266723632813,165.98920059204102,144.30515029907227,147.05680046081542,124.31999969482422,278.7049865722656,100.79499816894533,278.7049865722656,98.01000213623048,278.7049865722656,98.01000213623048,278.7049865722656,98.01000213623048,278.7049865722656,98.01000213623048,278.7049865722656,6453822.5,6028170.0,5709632.936507937,1518626809.938736,-1,False,332,332,4901317989.044189,29,0.053725933888542,13.62506866455078,0.0581994303063887,7.051494521707538,-0.6965106545007601,6.854326117009397,0.0933122949907329,251.3999938964844,240.2899932861328,6976900.0,False,False,True,0.0471572904077155,0.2578915235735613,0.4002605028745717,0.6443091979384633,1.1824467458615135,0.4103929639719998,0.8399921490089629,False,False,0.6290445318569544,1.624936451246857,0.8617097464043861,1.6994044431445436,0.5023422823556483,1.3936872065403902,0.9558062370843654,1.5815490770758664,1.1303393005763374,66.0,98.0,98.0,96.0,96.0,90.0,90.0,97.0,96.0,96.0,95.0,80.76923076923077,DDOG
2026-06-05,394.3900146484375,412.8999938964844,386.2799987792969,405.7699890136719,10990300.0,-0.0655371968831793,378.344318316642,331.7081090516939,293.5499981689453,279.711664835612,241.6457455444336,186.5522525024414,160.7306616973877,200.83999633789065,469.4700012207031,146.11790319474824,469.4700012207031,110.85698684434615,469.4700012207031,109.8800132652644,469.4700012207031,109.8800132652644,469.4700012207031,107.53490919233596,469.4700012207031,9109837.5,8824696.0,7376405.158730159,4230486075.79216,-1,False,7,7,17607928183.19702,7,0.0674473694595261,31.332144601004465,0.0794445686687432,7.956490708595149,-0.8827985922050324,18.13445753127181,10.696311142137004,430.5,399.0,12297400.0,False,False,False,0.0674966254937178,0.5179137457313773,0.6141129033506116,0.8433526521029441,2.002226478963128,0.6320999724612053,0.8400750071846025,False,False,0.6515494539711413,1.6473846210547924,1.700780409654986,2.465324273555412,1.973441806497392,2.75839124930303,2.5526781117631896,2.8728483846042336,1.234996899433904,74.0,98.0,98.0,99.0,99.0,98.0,98.0,97.0,97.0,98.0,98.0,80.76923076923077,DELL
2026-06-05,23.549999237060547,25.059999465942383,22.950000762939453,24.46999931335449,4182100.0,-0.0422936522600181,23.378152257348003,22.837464676369898,22.42680000305176,22.2589999516805,21.84159999847412,19.56829998970032,15.644850020408631,19.32999992370605,25.15999984741211,17.1299991607666,26.25,15.614999771118164,26.25,12.0,26.25,10.46500015258789,26.25,6.34499979019165,26.25,1938920.0,1905782.0,1706179.761904762,43466396.40538216,-1,False,168,168,138799523.82736206,46,0.0559104774664653,1.3242855072021484,0.0562329320638841,1.390958558660232,-0.7853298324804445,4.966475463772061,2.4454141035835764,25.15999984741211,23.530000686645508,2564300.0,False,False,True,0.0895965508008353,0.127813177341637,0.2475583911922768,0.5162950717447725,1.2034849736223765,0.0782176781328189,0.897142828078497,False,False,0.0055507754202865,1.0030150045667643,0.3335220521257001,1.2172645627442504,0.9723618144636936,1.8297131484422315,2.07843123444163,2.4893519538677413,1.13641015049634,67.0,63.0,64.0,89.0,89.0,96.0,96.0,81.0,80.0,82.0,91.0,92.3076923076923,DFTX
2026-06-05,48.27999877929688,49.209999084472656,46.83000183105469,47.36000061035156,1340000.0,0.0127963212456958,46.13138078811763,45.30453936116122,45.453200073242186,44.98554954528809,43.83662361145019,39.61132007598877,36.33425361633301,39.403150147002336,49.5,36.8173801547363,49.5,27.522119222721383,49.5,25.53649621999579,49.5,25.53649621999579,49.5,17.570386250812533,49.5,1262900.0,1248506.0,1618639.6825396826,51774006.753959656,1,False,287,287,161669399.16610718,210,0.0519981410119512,2.38071414402553,0.0493105676101717,2.055587108768865,0.2562258941848925,5.5310222856510025,0.7137575670214384,47.77999877929688,44.880001068115234,1120200.0,False,False,False,0.0492957190056629,0.1677713065227848,0.1677713065227848,1.0,0.7895276434394388,0.1013621671055446,0.975353510692866,False,False,0.0728888617621528,1.070183279536742,0.1479238880645796,1.0478469909374215,0.2817392010615003,1.1890389744205003,1.6740189105690972,2.1623267478676844,0.7802230562014154,26.0,83.0,83.0,76.0,76.0,82.0,82.0,81.0,75.0,89.0,90.0,92.3076923076923,DK
2026-06-05,169.8699951171875,180.5,162.22999572753906,177.1699981689453,3208900.0,-0.0588919938105956,166.6454317114079,156.68230502840984,155.78399932861328,145.8813326517741,121.83639923095704,92.3834997177124,67.06809983253478,90.11000061035156,184.4600067138672,65.1500015258789,184.4600067138672,51.02999877929688,184.4600067138672,43.810001373291016,184.4600067138672,37.834999084472656,184.4600067138672,25.559999465942383,184.4600067138672,4045207.5,4406834.0,3077305.5555555555,513053737.94532776,-1,False,58,58,2283942117.874145,31,0.0783472258076369,12.863213675362724,0.0757238714611655,5.206372472510253,-0.8263879580242415,10.937138317700152,9.464236171055886,184.4600067138672,160.8800048828125,3322400.0,True,False,True,0.1075528627634155,0.2151645617375994,0.2663801807304672,0.807734874071996,0.652740720435578,0.394246679887317,0.9209042010970346,False,False,0.0551586391765202,1.0524977685487316,2.11974274999105,2.8477611512977345,2.701677868304911,3.4339585248849285,4.68697657664837,4.598733957183064,1.314529034238105,78.0,80.0,80.0,99.0,99.0,99.0,99.0,97.0,97.0,98.0,98.0,96.15384615384616,DOCN
2026-06-05,23.6299991607666,24.979999542236328,23.549999237060547,24.6200008392334,4215300.0,-0.0437069997458926,23.5347675112924,23.06442737965405,22.659199829101563,22.58799985249837,22.87759986877441,23.771300010681152,22.348750009536744,19.399999618530277,26.290000915527344,19.399999618530277,26.290000915527344,19.399999618530277,27.71999931335449,19.399999618530277,27.71999931335449,19.399999618530277,27.71999931335449,13.15999984741211,27.71999931335449,6210385.0,5933146.0,5864618.253968254,162754545.42312622,-1,False,280,280,433574425.1663208,168,0.0524566732285778,1.0971430369785853,0.0464300920839724,0.7083344647084372,-0.9843747691096496,-3.215022414793132,-4.284482756301152,26.229999542236328,24.559999465942383,7598900.0,False,False,True,0.0605163079121069,0.2086331138496681,0.2890393637866078,0.7218155725103864,1.1333565700220425,0.032888034422664,0.8524530932936396,False,False,-0.0974026399802999,0.9003212143153247,0.0115581568219391,0.9233697301753884,0.0653741585049689,0.9883222700481874,0.7581845162596863,1.4217436504164491,1.058958099412146,59.0,26.0,26.0,51.0,51.0,61.0,61.0,81.0,64.0,58.0,54.0,80.76923076923077,ELAN
2026-06-05,56.06999969482422,66.61000061035156,56.0,66.55000305175781,10448800.0,-0.1801432929488954,63.51895956842583,58.026237066780965,52.34879989624024,49.2726666132609,43.25099998474121,42.99220001220703,38.5335500907898,29.899999618530277,73.73999786376953,29.899999618530277,73.73999786376953,29.899999618530277,73.73999786376953,29.899999618530277,73.73999786376953,25.780000686645508,73.73999786376953,25.780000686645508,73.73999786376953,8609020.0,8053876.0,7832254.761904762,570101932.0190239,-1,False,121,121,2583613582.4432373,121,0.1136040299575342,6.600001198904855,0.1177100273734101,2.517935053949693,-1.8666662813437804,1.9969598892049776,1.1001157797204195,69.94000244140625,65.8499984741211,4460000.0,False,False,True,0.189227762940954,0.3163901901252747,0.6871767253256031,0.4604204107398434,1.0755529387340952,0.2963862041248872,0.7603743059283832,False,False,0.5662011421715325,1.562251538328393,0.3937360261701701,1.2722290357122807,0.9077917951428351,1.76981307712663,0.2991195526657584,1.0505239683623704,1.0991751751836956,63.0,98.0,98.0,90.0,90.0,96.0,96.0,97.0,93.0,91.0,90.0,61.53846153846154,ENPH
2026-06-05,8.722440719604492,9.070542099478242,8.593145596164801,8.87162688976431,1672900.0,-0.0330759842892616,8.827049870774683,8.224006001199943,7.999979496002197,7.294890705744425,5.674459567070008,4.343457720279694,3.419410310983658,3.550639690761197,10.065118585678093,2.856082731434682,10.065118585678093,2.7876148488631745,10.065118585678093,2.77783388325696,10.065118585678093,1.9062082767486568,10.065118585678093,1.851973242857574,10.065118585678093,3212530.0,2629998.0,788975.7936507936,30716479.51287508,-1,False,30,30,308458124.9964714,30,0.1036402359911619,0.7317242835235217,0.0838898545769309,6.402923746992146,-0.4077659787918826,13.79685911564832,10.908344602639684,9.179945154788578,8.473796403037946,2153900.0,True,True,True,0.0547319859956684,0.1835802472419103,0.4469782768897884,0.4107140251184417,0.9391718168606972,0.5371403420023488,0.8666008895330723,True,True,0.1404421619884035,1.137566225670529,1.577353429389404,2.35265775339976,2.247346903560248,3.012486493819577,3.68649321590552,3.789700063226644,4.071772576361055,97.0,90.0,90.0,98.0,98.0,99.0,99.0,98.0,98.0,98.0,97.0,65.38461538461539,EVC
2026-06-05,35.59000015258789,37.56499862670898,34.130001068115234,37.27999877929688,2961900.0,-0.0440504810586395,35.63379098637374,34.7639003544149,34.393999862670896,33.81566651662191,33.359799995422364,31.338500003814698,25.08567503452301,30.1200008392334,40.76499938964844,28.8700008392334,40.76499938964844,26.823999404907227,40.76499938964844,19.76000022888184,40.76499938964844,16.329999923706055,40.76499938964844,12.149999618530272,40.76499938964844,1351642.5,1238918.0,1073323.015873016,49522758.15644264,-1,False,31,31,191965695.5230713,31,0.0528232323674664,2.2021424429757253,0.0618753142324895,1.0804458018862433,-0.7447290228112259,2.760960782870216,-0.4964630307270329,38.0,35.9900016784668,1045600.0,False,False,True,0.0965158062339591,0.2534419362670095,0.273812837597759,0.9256028259687552,1.474681940209118,0.0668529235028854,0.8730528807912935,False,False,-0.0378481065788622,0.9597255646989716,0.2792954904025122,1.1677655148358337,0.5261578309748842,1.415780324611544,1.456176722895937,1.9861701816751756,1.259306359791983,75.0,41.0,41.0,86.0,86.0,91.0,91.0,76.0,67.0,71.0,88.0,76.92307692307693,EWTX
2026-06-05,28.020000457763672,29.399999618530277,27.979999542236328,29.049999237060547,1763900.0,-0.0536980790210463,27.53407384651705,25.888285242651147,25.21000015258789,24.20966676076253,21.197600078582763,17.96710000038147,18.55375,16.709999084472656,29.780000686645508,14.199999809265137,29.780000686645508,13.479999542236328,29.780000686645508,13.479999542236328,29.780000686645508,13.479999542236328,29.780000686645508,13.479999542236328,29.780000686645508,2748865.0,2522542.0,1709448.4126984128,57523461.82806969,-1,False,37,37,181632498.1710434,37,0.0466753327929825,1.314999989100865,0.0469307625844991,6.857927621889034,-1.2091256013432043,9.365605888381824,2.3646734081819414,29.780000686645508,27.799999237060547,2002300.0,True,False,True,0.0506780889755659,0.1930763654185854,0.2658815360895269,0.7261744017966455,0.846923460540994,0.3218477730445532,0.9408999265177624,False,False,0.1903143316906692,1.1873126290789149,1.004291943866646,1.8295562137675705,0.6094199140345584,1.4930205789217803,0.7274970187387015,1.3969284195097142,1.608042090992871,87.0,92.0,92.0,97.0,97.0,92.0,92.0,96.0,94.0,94.0,92.0,88.46153846153845,EXTR
2026-06-05,15.880000114440918,15.90999984741211,15.470000267028809,15.470000267028809,646600.0,0.0069752475259499,15.854450145816347,15.369003513912844,15.173600120544434,14.774666786193848,13.570900039672852,12.725050039291382,13.700775036811828,12.06999969482422,17.079999923706055,10.279999732971191,17.079999923706055,8.819999694824219,17.079999923706055,8.819999694824219,17.079999923706055,8.819999694824219,17.079999923706055,8.819999694824219,19.01000022888184,1039000.0,1018492.0,954398.4126984128,14724316.925725937,1,False,343,343,55869200.81138611,29,0.0493137713653257,0.7021429198128837,0.0442155487879606,3.848212837562352,0.1566627727394307,-3.051327024218664,-5.360385101057324,16.610000610351562,15.75,767900.0,False,False,True,0.0277077819403272,0.1473551722748381,0.161838770548063,0.9105060040670316,0.6958032070944101,0.1701508424656947,0.8353498118487386,True,False,0.2406249904539437,1.2374964157784087,0.316749549080499,1.201954299555953,0.1408045996698588,1.0582972964252444,-0.1274725577606973,0.7055632326104553,1.0886438893610368,62.0,94.0,94.0,88.0,88.0,71.0,71.0,88.0,87.0,90.0,88.0,80.76923076923077,FA
2026-06-05,63.369998931884766,67.48999786376953,62.369998931884766,67.48999786376953,18101000.0,-0.090687376784571,66.43160382382914,65.07938928585494,63.44240051269532,62.68666699727376,63.223002166748046,62.26572616577148,53.09568883895874,55.4900016784668,72.08999633789062,50.67840945052675,72.08999633789062,50.67840945052675,72.08999633789062,46.40194709166324,72.08999633789062,38.35974072422735,72.08999633789062,34.86055807807445,72.08999633789062,14550327.5,14876826.0,17232531.34920635,836979225.0479507,-1,False,254,254,3137411579.351806,127,0.0432964648114659,3.135000228881836,0.0494713631327592,0.0469979360436092,-2.0159499356003705,-1.450822206795971,0.5924088072905181,71.87000274658203,69.05000305175781,11648600.0,False,False,False,0.0807953135266446,0.1669559443693484,0.2176108147903346,0.7672226425428739,0.8187176485091645,0.0023250519605035,0.8790401186159776,False,False,0.040729176664402,1.0381046938664122,0.0699046505633722,0.9766295312252556,0.4297728811394483,1.3263662988822964,0.5689399647641564,1.2687123633265918,0.8443523011881896,32.0,77.0,77.0,65.0,65.0,88.0,88.0,69.0,69.0,63.0,70.0,61.53846153846154,FCX
2026-06-05,23.520000457763672,24.940000534057617,22.600000381469727,24.25,3372700.0,-0.0384300352368247,23.73663364578968,22.722096120240096,22.71840019226074,21.736000124613444,19.085200080871584,18.180550060272218,20.35515007019043,15.479999542236328,26.93000030517578,13.289999961853027,26.93000030517578,13.289999961853027,26.93000030517578,13.289999961853027,26.93000030517578,13.289999961853027,26.93000030517578,13.289999961853027,30.3799991607666,3581110.0,3254108.0,2394114.285714286,80189791.11829758,-1,False,35,35,341405621.0777283,343,0.0775516139373824,1.7612859180995395,0.0748846039039153,3.1030217631668218,-0.5337001886231285,-1.6318698737290669,-5.281484011020099,25.8799991607666,23.51000022888184,2687100.0,False,False,True,0.0994898004696035,0.2198129241356961,0.3018282649923519,0.7282715028072869,1.0086973142870488,0.2323685556399763,0.7741935848417638,False,False,0.0739726423493936,1.0712643270752975,0.3001658518172529,1.1868163819147337,0.150122228865039,1.0669410394371552,-0.1914747220903229,0.6538083286700345,1.495797431797026,84.0,84.0,84.0,87.0,87.0,72.0,72.0,94.0,92.0,90.0,88.0,76.92307692307693,FIVN
2026-06-05,151.9199981689453,157.41000366210938,149.3000030517578,155.25,5485900.0,-0.0475832023025074,150.13962855839046,140.14708316986128,136.65879974365234,128.90900014241535,107.2181999206543,85.73579971313477,72.87574987411499,84.66999816894531,166.86000061035156,60.290000915527344,166.86000061035156,55.15999984741211,166.86000061035156,55.15999984741211,166.86000061035156,53.06999969482422,166.86000061035156,42.310001373291016,166.86000061035156,5759707.5,5260216.0,4525648.80952381,925475635.415802,-1,False,343,343,2536777197.555542,30,0.0536050279252802,8.6764281136649,0.057111823448129,7.300127681272683,-0.8747835213360203,14.802499580407549,10.454344839165277,161.11000061035156,150.86000061035156,5257700.0,False,False,True,0.0533833643239825,0.2519747185405237,0.299894668955485,0.8402107293808736,1.1098175436141786,0.4169236032816454,0.9104638476162188,False,False,0.1275885325207695,1.124745010139379,1.5358036814534843,2.3147303447958087,1.58499229174119,2.3980358725950865,2.552022364810814,2.8723181194032845,1.2726810546764538,76.0,90.0,90.0,98.0,98.0,98.0,98.0,97.0,97.0,97.0,96.0,88.46153846153845,FLEX
2026-06-05,84.0,86.0,82.83999633789062,85.41000366210938,2399600.0,-0.0250696793210476,80.59691125608995,74.18483236637815,70.18640090942382,66.14333407084148,57.973500442504886,52.96890022277832,53.85355012893677,43.5,89.16000366210938,40.470001220703125,89.16000366210938,34.04999923706055,89.16000366210938,34.04999923706055,89.16000366210938,34.04999923706055,89.16000366210938,34.04999923706055,89.16000366210938,2664592.5,2715972.0,2086512.6984126985,217045203.0719757,-1,False,105,105,648798993.0648804,28,0.0611725689789068,4.412143707275391,0.052525520324707,8.547042712831326,-0.4895587735611702,5.105809678953926,-1.9196100075754456,86.42500305175781,81.0,1800900.0,True,False,False,0.0376190912155878,0.2240477062406994,0.3232143492925735,0.6931861370978042,0.9197112488641268,0.4489378657289609,0.942126475435507,False,False,0.5610480924777306,1.5571114834564734,1.0694752324272765,1.889056772548363,0.3422818399202387,1.2452029406608145,0.9607843067415514,1.5855745583953649,1.2770554916953405,76.0,98.0,98.0,97.0,97.0,85.0,85.0,97.0,95.0,96.0,95.0,92.3076923076923,FROG
2026-06-05,279.010009765625,306.54998779296875,276.0599975585937,305.5,3903900.0,-0.1141133546544561,289.8487961615974,269.5763390477373,253.43480407714844,243.84900309244796,223.99840209960936,221.5444012451172,230.30220108032228,187.1999969482422,320.95001220703125,182.9900054931641,320.95001220703125,182.9900054931641,320.95001220703125,182.9900054931641,320.95001220703125,182.9900054931641,320.95001220703125,135.5,320.95001220703125,2790975.0,2570038.0,2710631.3492063493,832257002.1096802,-1,False,353,353,2185953341.6366577,388,0.0610898291362982,18.542144775390625,0.0664569159757618,3.695466190758396,-1.9382872303481464,0.5051451861459411,-4.80729433198969,320.6400146484375,303.1000061035156,2719900.0,False,False,False,0.1092791984774571,0.2811727517336425,0.3904520049001378,0.7201211626651921,1.391987200189258,0.2455892861304993,0.8693254374629762,False,False,0.2798624301175458,1.2766349075238173,0.474604935602364,1.346047730740734,0.0896274795979392,1.0108214992320912,0.7458858270949351,1.4117984011739928,1.02964019833135,56.0,95.0,95.0,92.0,92.0,65.0,65.0,93.0,87.0,83.0,79.0,76.92307692307693,FSLR
2026-06-05,144.67999267578125,149.0500030517578,143.4600067138672,148.4600067138672,7122700.0,-0.0333400518087226,140.27856994734108,130.2189340175425,123.31999969482422,116.971666208903,102.7747996520996,91.95269989013671,86.93884998321533,82.44000244140625,150.07000732421875,76.01000213623047,150.07000732421875,74.30999755859375,150.07000732421875,73.55000305175781,150.07000732421875,73.55000305175781,150.07000732421875,70.12000274658203,150.07000732421875,6342837.5,6221838.0,6214677.380952381,849206903.0674744,-1,False,302,302,1955347519.107056,29,0.041761193958983,5.827856336321149,0.040281010722616,10.12233828895426,-0.8562334424863358,11.445676214593783,5.017029006127628,150.07000732421875,144.32000732421875,5393000.0,False,False,False,0.03863696862646,0.162151008442747,0.2999724312436905,0.5405530360589017,1.096889697224518,0.4077380171553131,0.9640833318759514,False,False,0.6084491115550683,1.6043929679209985,0.7291740867932779,1.5784233453911416,0.7481873965834953,1.621751872305219,0.4237353745854679,1.1512936838940966,1.0206221676833012,54.0,98.0,98.0,95.0,95.0,94.0,94.0,96.0,94.0,92.0,91.0,96.15384615384616,FTNT
2026-06-05,16.079999923706055,17.489999771118164,15.989999771118164,17.030000686645508,1033200.0,-0.0678260913793591,15.368925798005122,14.550604769130908,14.481600036621094,13.842000071207682,12.164400062561036,12.3371000289917,12.120525023937226,9.300000190734863,17.555999755859375,8.550000190734863,17.555999755859375,8.550000190734863,17.555999755859375,8.550000190734863,18.670000076293945,8.550000190734863,18.670000076293945,4.355000019073486,18.670000076293945,1412867.5,1333474.0,1666896.4285714286,18922676.16128921,-1,False,343,343,61437197.87092209,31,0.0620399360899632,0.9897142818995884,0.0615493959325519,5.229784754286092,-1.182159434992015,-3.020637267063417,-6.053654749364489,17.555999755859375,15.548999786376951,2990500.0,True,False,False,0.09328358253215,0.2833333194947756,0.2833333194947756,1.0,1.088217693033385,0.3218900924835783,0.8612747647560796,False,False,0.0281329648800903,1.0255402468696062,0.6732570757724539,1.5273812228692616,0.1028806589745658,1.023116158551822,2.0745697638744343,2.486229402617057,0.84760365178229,33.0,73.0,73.0,95.0,95.0,66.0,66.0,96.0,93.0,92.0,90.0,96.15384615384616,FTRE
2026-06-05,75.42131042480469,82.4162350419449,75.11175895551433,81.88200125496623,7048600.0,-0.1082644119669249,80.50548778162644,77.19501654890593,76.12110137939453,73.71843045552572,63.90580490112305,54.35841384887695,44.73166195869446,57.8466357982718,92.41682037959356,40.4816622839664,92.41682037959356,39.12361768974421,92.41682037959356,34.82980761815722,92.41682037959356,31.973922698102207,92.41682037959356,31.464656812611803,92.41682037959356,5656350.0,5093986.0,3710485.714285714,529974598.2409287,-1,False,168,168,1923244859.3715668,168,0.0592360916523735,6.373029853033195,0.0844990602409,2.132508740183336,-1.436804711035229,10.039190876646716,9.199505443669027,86.721025265896,81.1830085929544,3913600.0,False,False,True,0.0968489680872511,0.2294452499778881,0.3580034517733843,0.6409023400230417,1.7493923226330028,0.1801949845009975,0.8160993866161877,False,False,0.0446749289248324,1.0420404958351004,0.6111348243500903,1.4706748376289194,0.9829351932904182,1.8395218205230075,1.0029171660981455,1.619645001349533,1.524423063595833,85.0,78.0,78.0,94.0,94.0,96.0,96.0,87.0,93.0,92.0,93.0,61.53846153846154,GFS
2026-06-05,47.810001373291016,48.560001373291016,47.2400016784668,48.34999847412109,659500.0,-0.0166597609294177,47.814874650867736,46.30634016472875,44.313939819335936,43.92340215047201,44.685115051269534,45.75392501831055,44.05280383110046,38.65646471513708,51.97999954223633,38.65646471513708,51.97999954223633,38.65646471513708,55.1529247070792,38.65646471513708,55.34722201767492,38.65646471513708,60.42452151186138,24.84821176563529,60.42452151186138,1177675.0,1151520.0,1813305.5555555555,59885517.92541504,-1,False,221,221,692747934.9029541,221,0.0458790905175348,2.177142551967076,0.0455373873547582,1.535688855784183,-0.3720461748643454,-7.411825655462158,-10.06042060382208,49.619998931884766,48.25,729400.0,False,False,True,0.0276092795839498,0.1863626770860054,0.2555950819848712,0.7291324842354999,1.3824857579547034,0.0699312582822297,0.7912350843176454,False,False,0.1171859700160244,1.1143686805364887,0.1718465409077887,1.0696840483047538,-0.0682189183207383,0.8643911497961383,-0.0690278185498199,0.7528241634768474,0.6494630738828719,17.0,89.0,89.0,79.0,79.0,38.0,38.0,82.0,67.0,61.0,57.0,88.46153846153845,GGAL
2026-06-05,125.61000061035156,133.33999633789062,124.91000366210938,133.0,3345400.0,-0.0559897571391547,124.90097458956318,116.84961713197508,109.53040008544922,105.64166692097982,98.70940017700195,99.56299995422364,90.9199498939514,79.01000213623047,134.27999877929688,74.55000305175781,134.27999877929688,74.55000305175781,134.27999877929688,74.55000305175781,134.27999877929688,74.55000305175781,134.27999877929688,40.34999847412109,134.27999877929688,2384187.5,2288730.0,2332378.9682539683,298971445.7238769,-1,False,218,218,1025325954.6325684,218,0.0595052215733464,7.233572823660714,0.0575875550395037,4.7323278081526094,-1.029919395277747,-0.2819910409070458,-3.4792751316274626,134.27999877929688,127.38999938964844,2014300.0,False,False,True,0.0671124324083995,0.1511025844702919,0.3599235639263812,0.4198185381971779,1.1663542663398478,0.2725231881169623,0.935433435747975,False,False,0.3616260228764396,1.3581923110573977,0.3773026843590548,1.2572283654179672,0.1854473546211874,1.0997113184967178,1.630025230836717,2.1267515654909057,1.0222127417761857,55.0,96.0,96.0,90.0,90.0,75.0,75.0,95.0,90.0,88.0,85.0,84.61538461538461,GH
2026-06-05,177.5800018310547,190.1100006103516,174.3000030517578,189.3800048828125,15676300.0,-0.1017703360028625,188.9881020358991,186.3365002030137,186.53564819335935,182.50789794921877,172.28691711425782,148.02914627075197,115.10262992858888,147.94325378470168,211.46588845889576,123.71040529324908,211.46588845889576,99.16265380266802,211.46588845889576,83.66537664367436,211.46588845889576,77.1276159759439,211.46588845889576,48.93507191630341,211.46588845889576,13208532.5,12880510.0,8820182.936507937,2789335095.1597595,-1,False,30,30,5979214859.303284,30,0.067193454179798,13.400728472607232,0.0754630495237654,0.4071197711576147,-1.501410550800674,9.96490804796342,8.05456812696547,199.8000030517578,183.8000030517578,11424300.0,False,False,False,0.0890302815383175,0.2035139896147778,0.236094890896564,0.8620008202716245,0.9695431314443296,0.0307224994529711,0.8397571973674244,False,False,-0.0204761099565757,0.9770537530882192,0.4425514055101356,1.3167886523250976,1.1326643050381997,1.9784219566240424,2.5366667720161087,2.859900926354231,1.4975349825600657,85.0,47.0,47.0,91.0,91.0,97.0,97.0,78.0,83.0,90.0,93.0,30.76923076923077,GLW
2026-06-05,31.959999084472656,32.38999938964844,31.559999465942383,32.369998931884766,2669700.0,-0.0273889686293976,32.08403703149408,30.76033133983891,30.497804107666017,29.01568857828776,25.00442081451416,21.854985961914064,18.506302013397217,19.946172140020515,34.256141014806644,16.808852829119612,34.256141014806644,16.808852829119612,34.256141014806644,16.57388878480718,34.256141014806644,15.366410336879811,34.256141014806644,9.419388906723036,34.256141014806644,2924990.0,2711148.0,2807349.603174603,103175931.84438704,-1,False,343,343,254586259.31549072,343,0.0410699196925665,1.3304648605249128,0.0416290644129367,6.68220495717252,-0.6764564420918457,11.145230076817946,9.889848346910874,33.38999938964844,31.420000076293945,3342800.0,True,False,True,0.025969960809833,0.1050106849942592,0.2170843274576981,0.4837322262000788,1.170319731715126,0.2781739405825802,0.9329713779102696,True,False,0.1888027704462089,1.1858048796488756,0.7355492716982708,1.5842427367191063,0.9237213569913784,1.7845905528156576,2.205431784848185,2.5920500634632218,1.0419044342366075,58.0,92.0,92.0,96.0,96.0,96.0,96.0,95.0,94.0,92.0,90.0,76.92307692307693,GTX
2026-06-05,17.149999618530273,17.549999237060547,17.020000457763672,17.399999618530273,2229300.0,-0.023904387227603,17.025992393598955,16.757120996264,16.54639991760254,16.626666577657065,16.204199981689452,16.354899978637697,16.944449977874754,15.010000228881836,18.8799991607666,13.050000190734863,18.8799991607666,13.050000190734863,20.76000022888184,13.050000190734863,21.670000076293945,13.050000190734863,21.670000076293945,10.114999771118164,21.670000076293945,2325255.0,2137474.0,1933944.8412698407,28675691.489095688,-1,False,38,38,180848375.0,225,0.0410452714321314,0.7912141254970005,0.0461349354574974,1.2651488679586085,-0.5308298509333647,-4.314908062240323,-6.998762904652525,17.600000381469727,16.520000457763672,1648300.0,True,False,True,0.0309037195968343,0.1714285507742334,0.1976676072916994,0.8672566695323787,0.9323762534655392,0.0583675613673964,0.7914166847323476,True,False,0.005275507350839,1.002740430660918,0.169052455987638,1.0671335538804765,-0.087765940717573,0.8462578419871406,0.6506255102822884,1.3347668101705854,1.2023378073560889,72.0,63.0,63.0,79.0,79.0,36.0,36.0,69.0,75.0,70.0,65.0,76.92307692307693,HAPN
2026-06-05,25.653120040893555,28.662313246419245,25.59313666165107,28.352396895689616,10245500.0,-0.14807439463605,28.206884090267188,27.12525426548635,26.126193618774412,25.68111298878988,24.617998046875,24.2864204788208,20.185749688148498,21.73417132741652,32.141381530771106,17.49530909838043,32.141381530771106,17.49530909838043,32.141381530771106,17.49530909838043,32.141381530771106,14.331695612664037,32.141381530771106,8.924828294185593,32.141381530771106,5597740.0,5617220.0,6518523.412698412,171506827.427063,-1,False,296,296,349174083.4144592,296,0.0547305876297994,1.7123978716080244,0.0667520312881355,0.6299039295008139,-2.603837086086473,0.3954378801020217,1.8041828423854471,30.39184883170878,29.602061636476968,4902900.0,False,False,False,0.1196414541340629,0.3152767374007934,0.3507405211513635,0.8988888320227317,1.2048522222736513,0.0420473668105578,0.7981337086065855,False,False,0.0691666895874871,1.0664704938355822,0.1515470719404035,1.0511543028257526,0.4760200380000761,1.369268686449037,1.7393794388229016,2.21518008332442,0.8587435597907527,34.0,83.0,83.0,77.0,77.0,89.0,89.0,76.0,84.0,80.0,76.0,57.692307692307686,HBM
2026-06-05,19.73270034790039,22.7299474213522,19.56564055819052,22.7299474213522,4334900.0,-0.1608859120390064,21.269878584971813,19.649904915609227,18.74567165374756,17.512443415323894,14.23309407234192,11.148483958244324,9.711377384662628,10.495280600393844,24.65604686281069,7.242529359485272,24.65604686281069,6.898583348276012,24.65604686281069,6.898583348276012,24.65604686281069,6.731523399046555,24.65604686281069,6.731523399046555,24.65604686281069,5080257.5,4514104.0,2084202.7777777775,123367351.73937798,-1,False,85,85,391273068.0786133,29,0.0995137435811028,1.9787455436288557,0.1002774840109199,3.853264756035107,-1.91202503939062,9.719322787841511,6.772565250388247,24.056597924228704,21.422950416711867,3843100.0,False,False,True,0.1603585321508404,0.2704183191475959,0.4128486231822152,0.6550059851555903,1.0555206526034846,0.3863956949631517,0.800318901797015,False,False,0.628548344886888,1.6244415155477232,1.7135136184280235,2.476947391286938,1.4851486706329786,2.305413319780428,1.444343820308342,1.9766015875007144,2.437506347351039,94.0,98.0,98.0,99.0,99.0,98.0,98.0,97.0,97.0,97.0,96.0,57.692307692307686,HIMX
2026-06-05,13.270000457763672,14.59000015258789,13.210000038146973,14.359999656677246,3743000.0,-0.0917179486928427,14.65870149668068,14.086495795085389,13.71080005645752,13.192666721343992,11.828800010681151,10.911000003814696,10.449950013160706,10.130000114440918,17.68000030517578,8.470000267028809,17.68000030517578,8.470000267028809,17.68000030517578,8.470000267028809,17.68000030517578,8.470000267028809,17.68000030517578,7.800000190734863,17.68000030517578,3244687.5,2815154.0,1404402.7777777778,80684084.26183224,-1,False,10,10,316119562.8644943,10,0.0764559017230059,1.2000001498631068,0.0904295484904103,1.347328003603893,-1.1166658596387995,5.398676413304938,3.1587211076533355,14.65999984741211,14.0600004196167,3947900.0,False,False,False,0.1039939764006219,0.3368500461816952,0.4295403591794635,0.7842104681971409,2.7949270270827102,0.1218382630343859,0.7505656237957704,False,False,0.0894909790868154,1.086743530089236,0.4147121850599904,1.2913764767601206,0.3596311625582782,1.261297494669415,0.4117022336473763,1.141563168373636,2.3103681873473305,93.0,86.0,86.0,91.0,91.0,86.0,86.0,87.0,88.0,84.0,81.0,65.38461538461539,HLIT
2026-06-05,63.619998931884766,66.55000305175781,63.0,63.0,2407800.0,0.0101619465592284,58.840066713089314,56.07713077165853,55.17960006713867,53.40466677347819,47.981400146484376,44.46120016098023,47.43725010871887,43.02999877929688,66.55000305175781,34.63999938964844,66.55000305175781,30.07999992370605,66.55000305175781,30.07999992370605,66.55000305175781,30.07999992370605,66.55000305175781,30.07999992370605,66.55000305175781,1491335.0,1341908.0,1241132.9365079366,91583240.54506302,1,False,379,379,296002550.0,31,0.0499246371891684,2.916928700038365,0.0458492415751436,7.108742199771301,0.2194086504891325,0.066777119327261,-5.092827513606689,64.30000305175781,58.15499877929688,2101300.0,False,True,False,0.0558001117786664,0.2247721359924608,0.2331028305569847,0.9642617185530596,1.361039653985221,0.3259304384127324,0.9559728927796698,False,False,0.1601020925395191,1.1571765783384662,0.3788469825198564,1.2586380304643443,0.3824423793796798,1.2824589180168011,0.5901025143918781,1.285825311530597,1.2015916717157102,72.0,91.0,91.0,90.0,90.0,87.0,87.0,93.0,93.0,94.0,93.0,100.0,HNGE
2026-06-05,49.05647659301758,52.8992339578337,48.398402069361154,52.75066654521618,37733400.0,-0.0836281704866221,46.42301093834407,41.15598989449352,37.00333961486817,35.54899450937907,31.443206634521484,26.577639694213868,24.89016576766968,27.265228875507287,64.06257161473991,20.953193312980755,64.06257161473991,19.6553845068779,64.06257161473991,19.6553845068779,64.06257161473991,19.621582932025888,64.06257161473991,17.037866018973897,64.06257161473991,25683565.0,23960362.0,23253280.55555556,1677871488.689556,-1,False,3,3,8576963013.521576,3,0.0603609238240117,3.7849982259863486,0.0771559330970191,7.260120583844187,-1.1828006054593914,15.292529107023498,5.955388409655006,54.31110196586438,52.1673723994624,36790300.0,False,False,False,0.0917479648163963,0.6046747666280944,0.7065040345334744,0.8558688090541182,2.399266755652523,0.5601613780433734,0.7657587785896869,False,False,0.6200197553844509,1.6159344332125127,1.343457232673286,2.139152808978825,1.237872981411532,2.076021543616063,1.8276158147667347,2.286531813517552,1.1045136164180418,64.0,98.0,98.0,98.0,98.0,97.0,97.0,97.0,96.0,96.0,95.0,88.46153846153845,HPE
2026-06-05,349.2559814453125,351.0517629403504,341.90333354588984,348.01890985338974,1739400.0,0.0008004185647785,324.00247579170644,304.9106716647828,294.9613061523437,283.9820088704427,247.48601165771484,221.94152389526369,243.82039726257324,211.18175660283228,351.0517753498105,161.90380384882027,351.0517753498105,161.90380384882027,351.0517753498105,161.90380384882027,351.0517753498105,161.90380384882027,351.0517753498105,161.90380384882027,351.0517753498105,1696170.0,1744716.0,1810266.6666666667,512570248.4197998,1,False,129,129,1645481065.4296875,310,0.0421055910057437,11.281950307144957,0.0323028119961104,12.730007482034612,0.0247587859344872,4.258605555063036,-0.6947853351575679,351.0517753498105,332.7649021194745,1892200.0,True,True,False,0.0261940521579672,0.1473091813355945,0.2981604705042965,0.494060064657269,0.6811251802585636,0.4112150384012429,0.9948845326228344,False,False,0.421182819320075,1.4175989187763631,0.9640412079989008,1.7928145683496464,0.3742143496382613,1.2748259705052207,0.540559730070026,1.245762884417776,0.9369724534138616,44.0,97.0,97.0,97.0,97.0,86.0,86.0,95.0,96.0,94.0,93.0,100.0,HUM
2026-06-05,14.13055419921875,14.399044179236675,14.00128089463883,14.02116953303996,3444200.0,-0.0035063328665038,14.53030789004237,14.425619472744156,14.475812911987305,14.337722619374594,13.905817527770996,12.996592540740966,11.209445359706878,13.03670381558028,15.811105487181065,10.262302036761104,15.811105487181065,10.262302036761104,15.811105487181065,9.697963218549788,15.811105487181065,7.149485960989107,15.811105487181065,7.149485960989107,15.811105487181065,4850870.0,5111166.0,5339741.666666667,64241570.72193146,-1,False,77,77,155413442.52843857,121,0.0414202348178847,0.6193750013157678,0.0438323219729068,0.3687083223363389,-0.0802757038216461,-0.1353082664823581,0.1363979164517835,14.62775889931346,14.080833667241237,3313100.0,False,True,True,0.02814916379004,0.1013371349068033,0.163969131079926,0.6180256871484362,0.8019109533910658,0.0161613418987367,0.8937107029407381,False,False,-0.0589403920933504,0.9386864691418176,0.2507316424226493,1.141691885332612,0.3598526579101844,1.2615029706397616,0.3130223868395758,1.061766398281767,0.9084465696686324,40.0,34.0,34.0,85.0,85.0,86.0,86.0,53.0,80.0,75.0,76.0,26.923076923076923,HUN
2026-06-05,112.23999786376952,122.62000274658205,108.12000274658205,122.25,6012800.0,-0.1214778022304035,120.34524549154686,112.05052473803708,107.4772006225586,101.9466672261556,86.16300018310547,70.14865001678467,55.61239990234375,69.30000305175781,140.8000030517578,42.060001373291016,140.8000030517578,42.060001373291016,140.8000030517578,34.18000030517578,140.8000030517578,31.670000076293945,140.8000030517578,15.260000228881836,140.8000030517578,4927285.0,4978024.0,5970078.174603174,506005977.2628021,-1,False,170,170,2154713414.28833,30,0.0873262773316869,10.406427655901227,0.092715857572734,3.2642450641267664,-1.491386360972771,3.869487782508174,2.881845454139723,130.5800018310547,120.41899871826172,3740500.0,False,False,True,0.1291874579113879,0.3505880867110885,0.4809337525331337,0.7289737616969084,0.8479207814184906,0.3026472804480773,0.7971590584590422,False,False,0.030291861101602,1.0276936988447924,1.3845336433284778,2.176648146214225,1.8045976156903207,2.6017585089547333,5.598471272986438,5.335807788127613,0.8253300636766807,30.0,74.0,74.0,98.0,98.0,98.0,98.0,95.0,97.0,97.0,97.0,73.07692307692307,HUT
2026-06-05,6.900000095367432,7.96999979019165,6.870999813079834,7.659999847412109,8252300.0,-0.0944881628615436,6.443976161769212,5.475645870765246,4.619199981689453,4.158333313465119,3.226199986934662,2.6350999867916105,2.291299993395805,1.7599999904632568,7.96999979019165,1.6399999856948853,7.96999979019165,1.6399999856948853,7.96999979019165,1.6399999856948853,7.96999979019165,1.559999942779541,7.96999979019165,1.3049999475479126,7.96999979019165,3891347.5,3289460.0,1607205.9523809524,39436642.09550142,-1,False,14,14,120827280.38311005,14,0.1734734454264632,0.940999950681414,0.1363768025616679,8.349947283298036,-0.7651432815381882,13.458006567624809,7.815467433792045,7.860000133514404,6.28000020980835,7873100.0,False,False,True,0.1592753568003093,0.5362318490037801,0.810869523603059,0.6613047270799625,2.757400910787789,1.1387391120546717,0.8657465843172263,False,False,1.8870292018853625,2.87974876942749,2.450000047683716,3.14922636098672,2.6507937288848966,3.3867545188748625,3.4516131017012164,3.5997658965389103,2.421187834847965,94.0,99.0,99.0,99.0,99.0,99.0,99.0,99.0,99.0,99.0,98.0,92.3076923076923,HYLN
2026-06-05,149.4499969482422,153.75,147.97000122070312,151.77999877929688,1348900.0,-0.0219241232762337,137.47202042074903,129.69706983323522,124.56679901123049,121.88466567993164,117.38319961547852,124.40689971923828,150.9869497680664,99.05999755859376,153.83999633789062,95.75,153.83999633789062,66.56999969482422,190.1699981689453,66.56999969482422,203.91000366210935,66.56999969482422,203.91000366210935,66.56999969482422,211.0,1311752.5,1214984.0,1310904.761904762,147296306.41010284,-1,False,113,113,1319493300.0,112,0.0588033088351855,7.704285757882254,0.0515509261639558,5.299234906173138,-0.4348237083610552,-6.150165620998651,-11.716129688358048,153.83999633789062,144.27999877929688,1689900.0,True,False,False,0.038675134809796,0.2725995228884393,0.3007694738448831,0.9063403922069164,1.243703620788422,0.2731804673735887,0.708293824399252,True,False,0.2039797007578441,1.2009435371865531,0.3941231455482126,1.2725824057219417,-0.204121855789897,0.7383172267584139,0.0704820306200975,0.86563783029826,1.0006466816811364,52.0,93.0,93.0,90.0,90.0,26.0,26.0,93.0,88.0,95.0,94.0,100.0,ICLR
2026-06-05,162.32000732421875,168.6300048828125,160.60000610351562,167.5800018310547,2061500.0,-0.0341544110303451,159.817103812016,152.9049480744895,148.64199951171875,144.88266626993814,137.81899963378908,134.08779975891113,123.89135025024414,119.13999938964844,177.22000122070312,115.30999755859376,177.22000122070312,112.6500015258789,177.22000122070312,112.6500015258789,177.22000122070312,94.0,177.22000122070312,81.76000213623047,177.22000122070312,1741492.5,1649128.0,1873150.396825397,302017150.56266785,-1,False,217,217,839738448.223114,217,0.0429265801934943,6.497142246791294,0.0400267493446687,4.441447488671021,-0.8834638393841193,-0.8528236586866598,-3.207242031858248,177.22000122070312,166.8000030517578,2606100.0,False,False,True,0.0494701726032929,0.2132207925620739,0.2621365274261492,0.813395960706559,1.2978313387438696,0.1777767053565433,0.9159237456615944,False,False,0.1384486270140066,1.13557771793892,0.3025196898310189,1.188965010500238,0.2686206424051716,1.1768691995414315,0.9518999540181292,1.5783902885102807,0.9297131201805632,43.0,90.0,90.0,87.0,87.0,81.0,81.0,89.0,82.0,79.0,75.0,92.3076923076923,ILMN
2026-06-05,31.11000061035156,32.880001068115234,30.780000686645508,32.47999954223633,872000.0,-0.0477501575153627,31.8947365867086,31.15185790597158,30.41840019226074,29.958166885375977,28.428300132751463,27.213150024414062,23.91375001430512,25.75,36.28499984741211,22.790000915527344,36.28499984741211,22.790000915527344,36.28499984741211,22.790000915527344,36.28499984741211,21.43000030517578,36.28499984741211,14.31999969482422,36.28499984741211,2083682.5,1937940.0,1623759.126984127,85803547.83256531,-1,False,16,16,695788322.870636,16,0.0604370120094999,2.23928587777274,0.0719796153596872,1.310538717454902,-0.6966495765808025,-1.4973042411048665,-3.820423852149231,32.8849983215332,31.049999237060547,1343000.0,False,False,True,0.0675024217380108,0.1648987161723051,0.3386370826333795,0.4869481950706217,0.8654447506114741,0.0943320727963816,0.8573791026919452,False,False,0.0851064013799969,1.0823700092923474,0.1669167587550235,1.065184048393208,0.3698811917443967,1.2708062029785228,1.0280313103584446,1.639953379001318,1.2832460587119885,77.0,85.0,85.0,79.0,79.0,86.0,86.0,79.0,79.0,74.0,70.0,65.38461538461539,IMVT
2026-06-05,101.97000122070312,119.1999969482422,100.19000244140624,116.91000366210938,2127500.0,-0.1607407306938014,105.0455696652212,94.95447854983996,88.26760009765626,80.49733352661133,64.6418000793457,56.8923999786377,59.46510005950928,39.63999938964844,125.13999938964844,34.22999954223633,125.13999938964844,34.22999954223633,125.13999938964844,34.22999954223633,125.13999938964844,34.22999954223633,125.13999938964844,34.22999954223633,125.13999938964844,2303897.5,2063738.0,1868578.5714285716,337761936.1824417,-1,False,28,28,1628393924.2919922,28,0.1399231361849773,10.959285191127233,0.1074755816409871,5.372962578030818,-1.782050420141324,0.7918783076377975,-1.6747801552071275,125.13999938964844,104.01000213623048,2997300.0,False,False,True,0.1864273244999854,0.3680494099246622,0.5132881799678154,0.717042441826227,0.9792086010918052,0.5774622782091197,0.8148473846735377,False,False,1.192431840477901,2.186903024931919,1.258471711507171,2.0615763916282765,0.7094718962658175,1.5858364233950324,1.2675116400432418,1.8336074778630944,1.2329679550154624,74.0,99.0,99.0,98.0,98.0,94.0,94.0,98.0,98.0,97.0,97.0,76.92307692307693,INOD
2026-06-05,99.16999816894533,106.4800033569336,98.33000183105467,106.4800033569336,145209400.0,-0.1128108852036157,111.05835410841428,109.66473452319332,113.76759979248048,109.51566645304362,88.76219985961914,67.69479999542236,51.273500003814696,79.62000274658203,132.75,40.630001068115234,132.75,40.630001068115234,132.75,34.95000076293945,132.75,32.88999938964844,132.75,18.96999931335449,132.75,137607382.5,132669898.0,110172534.92063493,15501093167.657852,-1,False,260,260,28441947579.10309,28,0.0763877618517596,8.844286237444196,0.0891830836013239,1.3147655800093798,-1.4257793418042488,11.318763642741525,12.270198318607912,113.13999938964844,107.4800033569336,77325800.0,False,False,False,0.082182128429554,0.2854693766391428,0.3470807583389045,0.8224868990299896,0.8712234782904559,0.1172548486381197,0.747043300707686,False,False,-0.1224670711058071,0.8753199899969345,1.2839705746434902,2.0848522440497868,1.2662249079691177,2.102322951616192,3.89728386019483,3.9601544480275472,1.249017122090622,75.0,22.0,22.0,98.0,98.0,97.0,97.0,83.0,97.0,96.0,96.0,11.538461538461538,INTC
2026-06-05,5.849999904632568,6.570000171661377,5.815000057220459,6.570000171661377,1766800.0,-0.1255605598510101,6.286014467943067,6.2878216235216415,6.45859998703003,6.474166663487752,5.7765000057220455,4.59150000333786,4.584649994373321,5.079999923706055,7.860000133514404,3.2300000190734863,7.860000133514404,2.5199999809265137,7.860000133514404,2.5199999809265137,7.860000133514404,2.359999895095825,7.860000133514404,2.359999895095825,7.860000133514404,2683315.0,2404102.0,1308138.492063492,20245465.83171606,-1,False,8,8,44054849.40724373,46,0.1267730015843589,0.7833570752825055,0.1339071945389557,0.0950206621208821,-1.072308119876185,-0.510170346272409,-2.505548453549721,7.179999828338623,6.320000171661377,1717000.0,False,False,False,0.1290598507263289,0.360683789386648,0.4752137188253438,0.7589927965004958,1.5225185953008649,0.0127239502878413,0.744274784384372,False,False,-0.1606886541281066,0.8371947931329201,0.9696969186124872,1.797977209714355,0.1746987715315195,1.0897401135879283,0.0446428579031203,0.8447431634401258,2.051246879653597,92.0,16.0,16.0,97.0,97.0,74.0,74.0,71.0,92.0,95.0,94.0,11.538461538461538,INV
2026-06-05,34.79999923706055,38.2400016784668,34.6150016784668,36.630001068115234,17547500.0,-0.0116444151682161,34.29693900828224,32.801378931901766,31.413199996948244,31.07333329518636,30.598999977111816,30.286899967193605,34.15649998664856,26.780000686645508,38.77000045776367,25.100000381469727,38.77000045776367,23.3799991607666,38.77000045776367,23.3799991607666,43.69499969482422,23.3799991607666,47.470001220703125,23.3799991607666,48.40499877929688,6266455.0,6059734.0,6536376.984126984,220341091.41985893,-1,False,91,91,1181087668.3868408,91,0.0615737788693895,2.317785808018276,0.0666030419204702,2.061347955389312,-0.176892897520441,-3.779356069867363,-9.248301527510884,37.9900016784668,35.119998931884766,11124100.0,False,False,True,0.1041666689503695,0.2735632375424097,0.3445402308615373,0.793995049165531,1.3741543770733171,0.1372920442854699,0.7189339967909415,False,False,0.2033194725191756,1.200284973893669,-0.0158371426364477,0.8983627742249382,-0.1079210270601004,0.8275604477167399,-0.2552963925110463,0.6021993798705828,0.9587046486482548,47.0,93.0,93.0,42.0,42.0,34.0,34.0,87.0,80.0,81.0,78.0,88.46153846153845,IOT
2026-06-05,4.230000019073486,4.559999942779541,4.170000076293945,4.5,19690900.0,-0.0342465962210547,4.068041242533959,3.937908072664309,3.8364000129699702,3.761000013351441,3.692200012207031,3.479300003051758,2.9007500046491623,3.2699999809265137,4.579999923706055,3.180000066757202,4.739999771118164,2.25,5.630000114440918,2.0799999237060547,5.630000114440918,1.7599999904632568,5.630000114440918,1.659999966621399,5.630000114440918,15494157.5,14711902.0,15065442.063492063,55275170.49978376,-1,False,392,392,437974770.156312,317,0.082602678546888,0.3507142237254551,0.082911163627435,1.7568010149969184,-0.4276989218573986,5.723885592362845,1.6959619064664184,4.579999923706055,3.849999904632568,22604300.0,True,False,True,0.0921985495808623,0.2104018587405434,0.3073285925424247,0.6846153070235366,1.0615942112719348,0.1456584164152534,0.7513321373162251,False,False,0.0342297949297172,1.0316217020974772,-0.1754386111676561,0.7526754858180504,0.9140271249136408,1.775597444265992,1.311475366052309,1.869158438370364,1.0284568773157237,56.0,75.0,75.0,19.0,19.0,96.0,96.0,86.0,76.0,91.0,92.0,92.3076923076923,IOVA
2026-06-05,47.20987319946289,50.79845996659164,45.80434293870022,50.48944507544412,2747800.0,-0.0904551323702543,48.64601434842747,46.60970086851839,45.09420150756836,43.86417948404948,40.32417018890381,31.39706609725952,24.86920299053192,35.70645493440089,53.65936449350368,24.057000901302963,53.65936449350368,18.270638083712445,53.65936449350368,16.150289544612356,53.65936449350368,15.382078604271596,53.65936449350368,15.382078604271596,53.65936449350368,2511882.5,2456442.0,2367870.634920635,110101113.53946686,-1,False,168,168,318385578.24935913,168,0.0692634277853363,3.604252600862341,0.0763453141599064,2.2366625262578514,-1.3026468672733078,12.471065638128252,11.639542102238238,53.15097914917413,47.12015797246773,2942600.0,False,False,True,0.1057854361690645,0.1663851440908514,0.3038429389939196,0.5476024706770659,1.0402973080577518,0.1707587032368456,0.8798067894594316,False,False,0.1667898278596842,1.1638474487078845,0.9844852760131676,1.8114763066181891,1.8039793816932264,2.6011849879785096,0.8479015888705894,1.4942927356454898,1.0608191439834262,59.0,92.0,92.0,97.0,97.0,98.0,98.0,88.0,94.0,97.0,97.0,69.23076923076923,IRDM
2026-06-05,54.34999847412109,59.310001373291016,51.040000915527344,59.310001373291016,64148700.0,-0.12140320178034,60.87204981058387,58.64619318001533,57.67040023803711,55.78566678365072,49.88660015106201,47.87405012130737,46.77445011138916,42.209999084472656,70.70700073242188,30.76000022888184,70.70700073242188,30.76000022888184,70.70700073242188,30.76000022888184,70.70700073242188,30.76000022888184,76.87000274658203,8.819999694824219,76.87000274658203,49640280.0,45845882.0,37630568.65079365,3460588261.795559,-1,False,25,25,6765176604.336929,28,0.0933781280649426,5.631999969482422,0.1036246573615657,0.8634130952877399,-1.3334520910731884,-1.4760768841177772,-1.4342950157885808,62.90999984741211,59.68000030517578,47120800.0,False,False,False,0.1521619262179272,0.3618583324571578,0.4545906426140229,0.7960091971457475,1.1771809734187249,0.089470886160681,0.7070378110079842,False,False,-0.1087241901916238,0.8890282144842944,0.480926358154331,1.3518180467594123,0.236351219427535,1.146933623278574,4.763520330353582,4.660630529927849,1.319147750879206,78.0,24.0,24.0,92.0,92.0,79.0,79.0,86.0,92.0,90.0,87.0,30.76923076923077,IREN
2026-06-05,5.130000114440918,5.440000057220459,4.809999942779541,5.300000190734863,113713100.0,-0.1349072069234506,5.499577036180243,5.008359370025463,4.677799997329712,4.401166669527689,3.5989000010490417,2.955999999046325,2.964549998641014,2.700000047683716,6.449999809265137,1.7949999570846558,6.449999809265137,1.6799999475479126,6.449999809265137,1.6799999475479126,6.449999809265137,1.6799999475479126,6.449999809265137,0.699999988079071,6.599999904632568,38544172.5,37639942.0,49288982.53968254,227168833.38713765,-1,False,238,238,1237312860.9526155,234,0.1136054655910623,0.5595713172640119,0.1090782270528264,3.900279575763877,-1.4296653334721523,2.403821786695309,0.5412258996890492,6.179999828338623,5.659999847412109,51879300.0,False,False,True,0.1228070371124303,0.3664716560749331,0.5633527879171512,0.6505189357984111,1.3931559724507545,0.4254355811346735,0.7772727558435492,False,False,0.2451456934311975,1.242005718568693,1.514705985475166,2.295471962357347,0.6495177773254723,1.5302184130867933,4.504292078114063,4.451007411181391,0.7820038173636087,26.0,94.0,94.0,98.0,98.0,93.0,93.0,97.0,98.0,98.0,97.0,73.07692307692307,KEEL
2026-06-05,192.9199981689453,205.4960021972656,192.7729949951172,204.3040008544922,18586000.0,-0.094739816918876,198.18483725396757,192.31334816071032,187.38031860351563,186.81289723714195,178.1415707397461,162.89354553222657,137.4141905593872,164.39019339609246,215.66900634765625,137.26779304312,215.66900634765625,128.17364246658587,215.66900634765625,116.63838666940237,215.66900634765625,106.92042372318416,215.66900634765625,77.24414501898325,215.66900634765625,10091000.0,9763320.0,10380519.84126984,1942916267.3194883,-1,False,422,422,2678884667.6101685,168,0.0435395444741126,9.932500566755024,0.051485074958672,1.6113192539062908,-2.0327209956558185,3.8940285475892873,3.956076180479277,215.66900634765625,203.4010009765625,8253000.0,False,False,True,0.0659496543795659,0.1528924034688989,0.2417634610844323,0.6324049249754226,1.0606740330133602,0.0829588925697168,0.8945188807424662,False,False,0.0635208505337074,1.060838892306616,0.4366607423221484,1.3114115417341112,0.596180868107326,1.48073903086693,1.4826221232741412,2.0075550703047367,0.9721093118941118,48.0,82.0,82.0,91.0,91.0,92.0,92.0,75.0,81.0,82.0,84.0,84.61538461538461,KLAC
2026-06-05,5.460000038146973,6.150000095367432,5.25,6.079999923706055,9817500.0,-0.1455398822801711,5.737582819709809,5.364046846646907,5.255199985504151,5.039333327611288,4.081799995899201,3.247200001478195,2.970899998545647,3.4100000858306885,6.610000133514404,1.809999942779541,6.610000133514404,1.809999942779541,6.610000133514404,1.809999942779541,6.610000133514404,1.809999942779541,6.610000133514404,1.409999966621399,6.610000133514404,10231037.5,9120112.0,4742498.80952381,59667311.68103933,-1,False,38,38,215248686.163044,24,0.1252265817090068,0.6035714490073067,0.1105442206575786,3.054390046169545,-1.5408280657877251,2.9277824237533654,2.1474091230706995,6.489999771118164,5.78000020980835,7680400.0,False,False,True,0.1648351811500858,0.315018361723775,0.4413919976944137,0.713692960835846,0.9444708573754358,0.337645167238078,0.826021169116679,False,False,0.1120163356063543,1.1092120827715906,1.5161289613739943,2.296770882110884,1.1752988282439198,2.017972989865012,2.818181984908104,3.0875462404400893,2.157309450337488,92.0,88.0,88.0,98.0,98.0,97.0,97.0,95.0,98.0,97.0,97.0,73.07692307692307,KOPN
2026-06-05,32.619998931884766,34.86399841308594,32.59000015258789,34.290000915527344,2484500.0,-0.0461988829183548,31.363041793156505,29.53238850892278,28.814000015258788,27.925,24.72639995574951,21.73680000305176,25.784675073623657,22.399999618530277,37.5,16.700000762939453,37.5,16.239999771118164,37.5,16.239999771118164,37.5,16.239999771118164,37.5,16.239999771118164,45.297000885009766,2915417.5,2609392.0,1961444.8412698407,93010464.35380936,-1,False,3,3,530870710.13793945,3,0.0937405289530013,2.6200002942766463,0.0803188344594241,3.974630597102821,-0.6030540662557097,1.8997448571004971,-0.9005647297837778,35.779998779296875,33.84000015258789,3415200.0,False,False,True,0.0697117821875617,0.3890251670625789,0.4046597546033936,0.961363621257226,1.402456970819256,0.3192376969660637,0.7201359536957727,False,False,0.1263812141960485,1.1235407363974814,0.7195572015082232,1.569644867642826,0.1754954570048563,1.0904791797547175,0.0744399959189274,0.8688384113408866,1.486362215576022,84.0,89.0,89.0,95.0,95.0,74.0,74.0,92.0,94.0,93.0,91.0,88.46153846153845,LEGN
2026-06-05,83.69000244140625,86.91999816894531,82.43000030517578,86.91999816894531,1200300.0,-0.0586051630489119,86.03995619465283,85.78055760418782,89.36140014648437,88.13816680908204,78.55769996643066,64.67144992828369,52.84173908440963,76.83000183105469,107.23799896240234,47.79999923706055,107.23799896240234,43.88999938964844,107.23799896240234,40.04999923706055,107.23799896240234,33.0099983215332,107.23799896240234,26.959999084472656,107.23799896240234,1677630.0,1928120.0,1355227.1739130437,130288521.52160645,-1,False,266,266,543968555.8128357,58,0.0659310689224299,5.031999860491071,0.0601266544831817,1.08656683337237,-1.0353734556670309,7.557662624946334,5.9356624583986815,89.88999938964844,85.2699966430664,814100.0,False,False,True,0.0536503492984494,0.1212809323668643,0.3547376633359515,0.3418890772024007,0.5854770449971993,0.0653316285630654,0.780413689654429,False,False,-0.1816759050702464,0.8162604672747596,0.6601865243945766,1.515450172323486,0.8209313339538442,1.6892346930026871,0.0,0.0,1.2378957803480726,74.0,14.0,14.0,95.0,95.0,95.0,95.0,55.0,92.0,92.0,92.0,34.61538461538461,LGN
2026-06-05,13.399999618530272,13.65999984741211,13.1899995803833,13.329999923706056,2704300.0,-0.0074074356644241,13.605801959392782,13.29654097232022,13.12439998626709,12.954666646321614,11.99439998626709,10.624499974250794,8.87304996728897,11.31999969482422,15.005000114440918,9.109999656677246,15.005000114440918,7.889999866485596,15.005000114440918,7.550000190734863,15.005000114440918,6.139999866485596,15.005000114440918,5.545000076293945,15.005000114440918,4096222.5,3601052.0,2737711.111111111,52807245.26380062,-1,False,14,14,168078362.85562515,14,0.0438340418816023,0.6760715075901577,0.0504530990176483,2.322711445547513,-0.1479139119856947,6.011964994501043,3.821374543044532,13.829999923706056,13.385000228881836,2007800.0,False,True,True,0.0350746477916958,0.1354478049049891,0.2332089618628476,0.5808001708984375,1.0469995990060683,0.1171879905516337,0.8930356225478479,False,False,0.0501566910790345,1.0475084342291936,0.2570356294876819,1.1474462859036638,0.8662952561143575,1.731317724743276,0.9420289033802848,1.5704081322362906,1.4962216003636453,84.0,79.0,79.0,85.0,85.0,95.0,95.0,76.0,84.0,88.0,88.0,73.07692307692307,LION
2026-06-05,14.93000030517578,16.90999984741211,14.789999961853027,16.649999618530273,4736600.0,-0.1526674464207716,15.949052319231884,15.202979600315857,14.253999977111816,14.13766663869222,13.474599952697751,12.49669997215271,10.109849976301192,10.699999809265137,18.940000534057617,9.119999885559082,18.940000534057617,8.720000267028809,18.940000534057617,6.869999885559082,18.940000534057617,5.829999923706055,18.940000534057617,2.75,18.940000534057617,3931025.0,3505588.0,2043747.619047619,69856523.79499435,-1,False,39,39,133059200.989151,14,0.1313496074086519,2.185000010899135,0.1463496293527644,0.7380316193366422,-1.2311215197434588,-0.5674740870482289,-1.402929241363259,18.799999237060547,14.699999809265137,5360300.0,True,False,True,0.1419959706781882,0.286001364399396,0.5519089455032309,0.518203893467644,1.4786192787058834,0.1080106539405381,0.7882787689645987,False,False,0.1600621940896942,1.1571367805034771,0.3486902183164744,1.2311103564125387,0.7880239069579389,1.6587072555851343,4.14827579799929,4.163117328532465,1.9234395496601715,91.0,91.0,91.0,89.0,89.0,95.0,95.0,90.0,89.0,88.0,93.0,65.38461538461539,LPTH
2026-06-05,61.84999847412109,65.98999786376953,61.38999938964844,62.7599983215332,1704200.0,-0.0110329777950952,59.452885910722685,56.6332397713357,54.74599975585937,51.94366658528646,46.34459999084473,42.06290019989014,35.056200103759764,36.02000045776367,66.23999786376953,34.209999084472656,66.23999786376953,29.1200008392334,66.23999786376953,29.1200008392334,66.23999786376953,22.209999084472656,66.23999786376953,11.850000381469728,66.23999786376953,1531365.0,1442908.0,2118115.476190476,118763766.09685898,-1,False,360,360,366602320.3701019,25,0.0811797698423031,3.729284831455776,0.0602956333623219,5.548785447087581,-0.1850227248898278,5.672412197121454,2.660834949969141,66.23999786376953,54.5,4398600.0,True,True,False,0.0743734614002585,0.2130961489997968,0.4307194833771093,0.4947446243410912,1.1720289859090116,0.3345675329237803,0.9337258524875408,False,False,0.4677266105825894,1.4640253371600729,0.716625050502655,1.5669683438418107,0.8331356075063379,1.7005563073345156,2.514204382588552,2.841736871759012,0.7229846612301928,21.0,97.0,97.0,95.0,95.0,95.0,95.0,96.0,92.0,94.0,93.0,100.0,LQDA
2026-06-05,303.0664978027344,323.1923344215862,302.5268694093298,320.1444632420419,13309000.0,-0.0984810529458665,318.2776850135253,306.8068888843754,299.67569458007813,292.53592376708986,272.85439025878907,249.9814001464844,198.10182811737064,241.4299295445708,345.94631335975305,198.46021047678923,345.94631335975305,193.94338213112016,345.94631335975305,153.30819423718555,345.94631335975305,135.02029279975525,345.94631335975305,83.66759219770523,345.94631335975305,9303645.0,9337780.0,10962437.301587302,2743792350.699005,-1,False,168,168,6614533802.285767,168,0.04550952661193,16.691106562489722,0.0550740734574824,2.01049444012544,-1.983492785764508,1.8808968464381763,3.800654760769572,342.12898316460326,324.4814112927382,8277000.0,False,False,True,0.0681878899914155,0.1432670528257628,0.2719599797896864,0.5267946149156021,0.991827822030504,0.1107261184813284,0.8760506647965706,False,False,0.0205605657575134,1.0179869436191182,0.5214969708738906,1.38885168191649,0.9007409551053516,1.7632721805073883,2.603894618136357,2.9142642553840954,0.8486839873330798,33.0,71.0,71.0,93.0,93.0,95.0,95.0,84.0,87.0,84.0,91.0,69.23076923076923,LRCX
2026-06-05,135.57000732421875,146.99000549316406,133.24000549316406,146.10000610351562,3057200.0,-0.107622373892766,144.42867907069433,138.73544369031234,134.6252020263672,131.98400192260743,121.03780090332032,105.79190078735353,88.38040031433106,109.3499984741211,155.82000732421875,84.4800033569336,155.82000732421875,78.69000244140625,155.82000732421875,71.2699966430664,155.82000732421875,60.5,155.82000732421875,46.04999923706055,155.82000732421875,2302375.0,2144400.0,2153819.8412698414,313034695.4621506,-1,False,259,259,1006756975.4821776,259,0.0514392300758743,8.501426696777344,0.0627087573761502,1.914618886398611,-1.9232055310109764,5.598701912595062,4.935547296389574,154.89999389648438,146.2899932861328,1069200.0,False,False,True,0.1014236133152708,0.1665560272269817,0.2837648946798074,0.5869507833762135,0.906799104644656,0.1200633712149654,0.8700423626738427,False,False,0.0829140081506967,1.080183144781225,0.585799634013946,1.4475483888856016,0.8044724115579696,1.6739661421231868,1.8457180743305464,2.3011700794987537,1.0689728805927303,60.0,85.0,85.0,94.0,94.0,95.0,95.0,83.0,89.0,89.0,90.0,57.692307692307686,LSCC
2026-06-05,8.90999984741211,9.699999809265137,8.75,9.649999618530272,12709700.0,-0.0999999807338514,9.934307748969813,9.754000784270287,9.645199928283692,9.505333264668783,8.767399969100952,8.177799978256225,7.781649982929229,8.149999618530273,11.300000190734863,6.320000171661377,11.300000190734863,6.090000152587891,11.300000190734863,6.090000152587891,11.300000190734863,6.090000152587891,11.949999809265137,3.369999885559082,11.949999809265137,14379417.5,14332760.0,14681111.111111112,146528724.95497227,-1,False,219,219,679210400.0,219,0.0734692272641861,0.6671428680419922,0.0748757440479376,0.2172236887487975,-1.4839396755056822,-0.5587361170292651,-1.7907311771194905,10.119999885559082,9.68000030517578,13172600.0,False,False,False,0.1066217537075561,0.2861953125033448,0.3535354238103046,0.8095237230227533,1.0535493512763767,0.0162647853199038,0.7456066936924938,False,False,-0.0917431736705017,0.9059664087354624,0.34592145036867,1.2285829718072734,-0.068965503496208,0.8636985604841918,1.2787722894689295,1.842713323508122,0.9794502194808145,49.0,27.0,27.0,89.0,89.0,38.0,38.0,57.0,82.0,80.0,76.0,15.384615384615383,LUMN
2026-06-05,21.992292404174805,23.222907825443645,21.80372979899805,23.083967954741706,7497400.0,-0.0377768490526642,21.499180894502736,20.77358957613594,20.055859985351564,19.96806271870931,19.468737106323243,19.590056114196777,19.228615775108334,17.79430682570851,23.42139499906469,16.563690603074193,23.42139499906469,16.563690603074193,23.42139499906469,16.563690603074193,23.7738446429645,16.563690603074193,23.7738446429645,10.155089673611473,23.7738446429645,5805070.0,5927940.0,7499023.015873016,150184376.0985279,-1,False,275,275,761272493.8484192,275,0.0424844843650598,1.0307118145872896,0.0468669566430295,2.7657205203061976,-0.8376897009749064,-1.500454152206879,-6.320145090295047,23.42139499906469,21.76403352435641,13000200.0,True,False,True,0.0645307001363891,0.1425992505225772,0.2558663767260566,0.5573192239918693,1.4192957418597354,0.1296209037119278,0.925062510269372,False,False,0.1180625412475009,1.1152430412542504,0.2266339132939885,1.119695014966524,0.005377366979683,0.9326646733977408,1.0244883074306124,1.637088354386741,0.7741101724468024,25.0,89.0,89.0,83.0,83.0,49.0,49.0,82.0,76.0,71.0,67.0,96.15384615384616,M
2026-06-05,88.33999633789062,93.9499969482422,87.55999755859375,93.56999969482422,19736600.0,-0.0826584263926655,94.0611863466241,93.458810673549,95.47287811279296,94.27421747843424,85.27443450927734,78.67025485992431,70.52874208450318,83.53075347778197,105.38109475045204,59.01380865334284,105.38109475045204,59.01380865334284,105.38109475045204,59.01380865334284,105.38109475045204,47.56606428835759,105.38109475045204,47.56606428835759,105.38109475045204,11057047.5,10617716.0,9039261.111111112,1120604388.1711197,-1,False,422,422,1636287081.5673828,43,0.0464103699231324,4.94798152226114,0.0560106602601121,0.6418307783671248,-1.608738164856688,2.3691108005280626,3.0609841108610008,99.5999984741211,94.58000183105467,9557000.0,False,False,False,0.0723341595488345,0.1436495694755115,0.2017330533238261,0.7120775059351436,1.113663239815418,0.0359493656716043,0.8382907441518269,False,False,-0.1373554467470517,0.8604691594602537,0.3707486182298947,1.2512456878700469,0.4039637856908797,1.30242381482823,0.403065528960818,1.1345791573468762,1.2232247043299385,73.0,19.0,19.0,90.0,90.0,88.0,88.0,41.0,85.0,81.0,78.0,0.0,MCHP
2026-06-05,350.739990234375,381.0,350.1099853515625,375.0899963378906,1786200.0,-0.077437011438192,353.9001392410157,333.7732382556522,319.0667993164063,308.7320002237956,284.3513998413086,307.28189987182617,328.6048001861572,240.6199951171875,412.0,215.67999267578125,412.0,215.67999267578125,426.3200073242188,215.67999267578125,444.7200012207031,215.67999267578125,444.7200012207031,196.0,444.7200012207031,2325605.0,2147586.0,2213378.571428572,1023387665.7044984,-1,False,282,282,6134888153.259277,282,0.0672969767740834,28.75428771972656,0.0819817771578087,2.8478738541745607,-1.023847390287093,-5.5074065635570335,-9.331141891921638,390.0,369.0,1690700.0,False,False,True,0.0880709799524025,0.340080977648401,0.3705024115447877,0.9178914011124883,1.9891170830877087,0.2334737596864888,0.7886759967431997,False,False,0.3222497825596753,1.3189153686825743,0.2967796378577736,1.183725380721185,-0.1359807160542127,0.8015301415542332,0.7560706841091394,1.4200343147862622,1.0507036753766863,58.0,96.0,96.0,87.0,87.0,31.0,31.0,92.0,89.0,86.0,83.0,84.61538461538461,MDB
2026-06-05,14.890000343322754,15.859999656677246,14.609999656677246,15.800000190734863,1481900.0,-0.0646984753790885,16.133368501438643,15.79829797749999,15.502800064086914,15.252333386739094,14.78920000076294,13.67230001449585,11.685200009346008,13.31999969482422,17.969999313354492,12.970000267028809,17.969999313354492,9.510000228881836,17.969999313354492,9.420000076293944,17.969999313354492,8.529999732971191,17.969999313354492,8.529999732971191,17.969999313354492,1167117.5,1080674.0,661173.8095238095,20172553.00147533,-1,False,100,100,53186947.13792801,100,0.0630230675919787,0.8878572327750069,0.0596277509941869,0.1143059655987107,-1.160096122382105,1.047472620367958,0.806118322151509,16.399999618530273,15.880000114440918,938700.0,False,False,False,0.0839489570972742,0.2256547736202033,0.3096037307174775,0.7288503051861475,1.047901587342714,0.00681580765387,0.8286032783683625,False,False,-0.0223243078879075,0.9752102158926356,0.0163823024601934,0.9277733030458956,0.6114719385453906,1.4949241932591002,0.524053187888083,1.232414984171541,1.765220405267688,89.0,47.0,47.0,53.0,53.0,92.0,92.0,64.0,52.0,84.0,82.0,38.46153846153847,MITK
2026-06-05,301.6499938964844,318.8800048828125,300.1099853515625,315.2300109863281,955300.0,-0.0865457897193571,320.14940123705355,313.64107546275136,311.50920532226564,305.4373881022136,285.18347808837893,258.87183792114257,199.4441268157959,261.0329307896088,341.8099975585937,208.31271198964373,341.8099975585937,200.34872594073096,341.8099975585937,146.64762360744936,341.8099975585937,134.30302634682934,341.8099975585937,85.59165163239764,341.8099975585937,1182265.0,1149452.0,1175855.9523809524,353909500.435791,-1,False,259,259,920126314.1174316,108,0.0428420699849945,16.32249843039539,0.0541107202408785,1.0670727746065989,-1.750958482962552,6.31633592653166,7.1887692798967695,335.8299865722656,318.010009765625,679100.0,False,False,False,0.062224498296165,0.138239725015016,0.2028572135843902,0.6814631955767606,0.8206258286557421,0.0577400763833957,0.8825078144321244,False,False,0.0275990457212149,1.0250076741336809,0.4375131615534879,1.312189646394066,0.8492602326339536,1.715514738588531,2.4509035369828243,2.79054908431484,1.0054505380578889,52.0,73.0,73.0,91.0,91.0,95.0,95.0,72.0,84.0,82.0,92.0,30.76923076923077,MKSI
2026-06-05,276.510009765625,291.95001220703125,273.0,288.70001220703125,1182200.0,-0.0820025310917909,285.40528341461805,277.4235949845104,275.1564001464844,270.0213333129883,255.37500061035155,224.99170021057128,185.3837497329712,227.3800048828125,323.25,186.6300048828125,323.25,139.25,323.25,111.18000030517578,323.25,111.18000030517578,323.25,86.4800033569336,323.25,1171415.0,1118098.0,1139446.825396825,392765606.162262,-1,False,150,150,1073186365.7104492,10,0.074759894603418,25.82285526820592,0.093388500800003,0.8861977765165434,-0.956516288880908,9.28227143338555,5.806076550046973,304.8099975585937,282.1499938964844,1061700.0,False,False,True,0.0685328253508566,0.2590503141044601,0.3288850284967574,0.787662227400583,1.5443190131813134,0.0827606817611761,0.8554060626933488,False,False,0.0083509902075988,1.0058081578478704,0.4763736434289154,1.3476622412437116,0.7560650195328191,1.6290597557691706,2.0166921090788628,2.4394270406091976,1.028055872279991,56.0,66.0,66.0,92.0,92.0,94.0,94.0,80.0,85.0,93.0,95.0,65.38461538461539,MOD
2026-06-05,5.019999980926514,5.130000114440918,4.920000076293945,4.989999771118164,2270100.0,0.0060120663696197,4.747712870070951,4.519347234191934,4.421599960327148,4.282999968528747,3.843399977684021,3.6066999769210817,3.3910499882698057,3.4200000762939453,5.210000038146973,2.799999952316284,5.210000038146973,2.799999952316284,5.210000038146973,2.799999952316284,5.210000038146973,2.5450000762939453,5.210000038146973,1.9900000095367432,5.210000038146973,2607107.5,2431034.0,1668347.2222222222,14926316.227207184,1,False,28,28,54536793.92762184,28,0.0596042752215408,0.2404285839625767,0.0478941404135627,6.391913348391991,0.1247780497389578,1.7515646876364386,-0.967105521282233,5.210000038146973,4.860000133514404,4447300.0,True,True,False,0.0418326770806509,0.1772908107305078,0.2410358650885193,0.7355370565513087,1.237181380433182,0.3061351954192119,0.963531659149846,False,False,0.2741116517820456,1.270898631346184,0.4140845206634698,1.2908035326337275,0.4301994286512702,1.3267619968648332,1.2714931648307355,1.8368271101219649,1.562688788804622,86.0,95.0,95.0,91.0,91.0,88.0,88.0,92.0,92.0,90.0,88.0,100.0,MRVI
2026-06-05,263.4700012207031,300.7200012207031,261.3900146484375,299.5,93976400.0,-0.1673671670856488,249.54525544766875,220.6186607173321,199.99959899902345,193.24866587320963,165.33512786865234,124.06304275512696,103.4196718788147,146.85000610351562,324.20001220703125,85.0874064144628,324.20001220703125,70.65463146973819,324.20001220703125,70.65463146973819,324.20001220703125,70.65463146973819,324.20001220703125,61.32449672521512,324.20001220703125,36219322.5,34713750.0,22129337.698412698,10676402798.75595,-1,False,2,2,34853484914.782715,2,0.0890621194019822,26.32928248814174,0.0999327527466258,5.939506748096766,-2.011448336236675,15.14042474466805,8.57728713019634,321.5,277.5599975585937,86903500.0,False,False,False,0.1492769058717988,0.5009299365196849,0.6309636950049141,0.7939124556378533,1.8587023873825208,0.5935512592944698,0.8126773328202515,False,False,0.5304676768047429,1.526608184651821,1.9429707663339228,2.6864002866245014,1.6326502841072608,2.442247058707645,2.9846496521606287,3.22215915889498,1.6367106414846728,88.0,98.0,98.0,99.0,99.0,98.0,98.0,97.0,98.0,98.0,98.0,88.46153846153845,MRVL
2026-06-05,55.11000061035156,56.0,53.34000015258789,54.52000045776367,713100.0,0.0115638963547863,53.82202202961409,53.617881157192016,54.07250564575195,53.89088516235351,51.5519832611084,45.31653217315674,39.74023644447327,47.673936940915446,58.45317072930864,34.224594666645864,58.45317072930864,33.857227214790775,58.45317072930864,33.857227214790775,58.45317072930864,29.566843784091084,58.45317072930864,27.589790323806856,58.45317072930864,991975.0,1165206.0,967044.8412698412,44832625.90404511,1,False,343,343,104668466.27426147,414,0.0466013590996938,2.476785659790039,0.0449425808811334,1.535693955951949,0.2543623690750214,5.6683510054127,2.7630491474193906,56.0,53.130001068115234,1274900.0,False,False,False,0.0482670988559646,0.1117764430990597,0.1562905186232732,0.7151837749575113,0.6811413604118071,0.0690180498240382,0.9428060090283384,False,False,0.1035799923763312,1.1007970140846297,0.5569472197078553,1.421211350492847,0.5001396637312707,1.391643889625373,0.3366894084427236,1.0809045702866753,1.0257797339546555,55.0,87.0,87.0,94.0,94.0,90.0,90.0,72.0,89.0,86.0,84.0,69.23076923076923,MRX
2026-06-05,345.3999938964844,374.6499938964844,342.3699951171875,365.0,2967900.0,-0.0975596940236767,372.76911016720544,363.15170731858336,361.6416015625,347.49900105794273,309.1254010009766,269.5903994750977,210.3896500015259,260.8500061035156,418.8999938964844,205.69000244140625,418.8999938964844,197.6300048828125,418.8999938964844,162.94000244140625,418.8999938964844,144.05999755859375,418.8999938964844,118.16000366210938,418.8999938964844,1424605.0,1364368.0,1112187.6984126985,645643877.9154968,-1,False,259,259,1016859841.2322998,3,0.0610862211828702,24.318572998046875,0.0704069873415663,1.66667949653437,-1.5354517857971992,7.659130374726705,8.875624785003287,390.3399963378906,367.6600036621094,1252800.0,False,False,False,0.0934568597270187,0.2215691955172203,0.2358424808759305,0.9394795827041064,1.337293164307577,0.1173458822149435,0.8245404605611839,False,False,0.1148768490957414,1.1120653826951292,0.6644981111264305,1.5193858715715922,0.8826991238215005,1.746535202697354,1.7109330819303894,2.1921771351609087,1.2809033961022769,77.0,88.0,88.0,95.0,95.0,95.0,95.0,88.0,90.0,89.0,93.0,26.923076923076923,MTSI
2026-06-05,864.010009765625,961.8900146484376,864.010009765625,944.4000244140624,77250500.0,-0.1325200705164407,935.193100340899,852.9474628804553,802.7383984375,754.3216654459635,617.3536151123047,510.5321102905273,360.7160918045044,488.2300109863281,1089.2900390625,311.489990234375,1089.2900390625,311.489990234375,1089.2900390625,221.5074267095709,1089.2900390625,192.43139181117184,1089.2900390625,103.23020834677516,1089.2900390625,48887275.0,50061674.0,32780853.17460317,47847386331.84265,-1,True,0,0,68589289877.83203,10,0.0708926058047973,73.73856462751117,0.085344572162438,4.681472514672742,-1.7899723286060654,11.950984180956308,11.485895715821632,1036.3699951171875,971.6799926757812,54917200.0,False,False,True,0.1132857302305604,0.3959329440503421,0.5058737886710455,0.7826713953503636,1.1219195346923476,0.399538268854958,0.7931863679844509,False,False,0.296164021297248,1.2928953897900863,1.3342505644578506,2.130748785257036,2.692868684518216,3.4257864545865875,7.388165857187849,6.78303183528629,1.4913362608229856,84.0,95.0,95.0,98.0,98.0,99.0,99.0,96.0,98.0,97.0,98.0,69.23076923076923,MU
2026-06-05,6.929999828338623,8.4399995803833,6.800000190734863,8.199999809265137,5233900.0,-0.1894737223692393,7.324064407802576,6.380730048709555,5.514800052642823,5.330666708946228,4.451200017929077,3.656000006198883,3.26360000371933,3.0,9.859999656677246,2.630000114440918,9.859999656677246,2.400000095367432,9.859999656677246,2.400000095367432,9.859999656677246,2.180000066757202,9.859999656677246,2.180000066757202,9.859999656677246,3342685.0,2722006.0,798352.7777777778,31470673.99503469,-1,False,7,7,142728083.09354782,7,0.1639910488452802,1.3028570754187447,0.1880024686423531,2.9621073393824395,-1.2434213951484772,11.08190836039132,7.315803402295534,9.149999618530272,8.010000228881836,3478400.0,False,False,True,0.2366521544404722,0.6695526668718511,0.8701298531513536,0.7694859157480104,2.4884184678505483,0.5568834921875312,0.7028397636551224,False,False,0.7588831796178985,1.7544476754040397,1.5199999375776811,2.300304383599264,1.3412161280501067,2.171890523039298,0.8188976200568976,1.4708388784897757,4.1869773526740826,97.0,98.0,98.0,98.0,98.0,97.0,97.0,98.0,97.0,97.0,96.0,80.76923076923077,MX
2026-06-05,80.91999816894531,91.48999786376952,79.26000213623047,91.4499969482422,4498600.0,-0.1410678382833967,90.47695802248448,87.2792793764351,90.8320004272461,85.76833356221518,60.4190001296997,39.18540000915527,27.786700015068053,49.59999847412109,106.27999877929688,15.859999656677246,106.27999877929688,14.699999809265137,106.27999877929688,14.699999809265137,106.27999877929688,12.770000457763672,106.27999877929688,11.630000114440918,106.27999877929688,6087152.5,5064140.0,2045715.476190476,495098684.32094574,-1,False,42,42,1751934071.1364746,42,0.1360131046092485,11.5028566632952,0.14215097532849,2.3869956435680817,-1.1553652544358648,17.519944835507633,15.585811849923042,97.6999969482422,85.37999725341797,3566700.0,False,False,False,0.15113687597972,0.3339100006731819,0.3339100006731819,1.0,1.0879734762467073,0.3393137588380595,0.7613850122165071,False,False,-0.0038163877283875,0.9936714632777448,4.147582493281965,4.6988122490262265,3.513106346439184,4.186701426605751,5.627354456685652,5.35916397324266,2.975561641316549,95.0,56.0,56.0,99.0,99.0,99.0,99.0,95.0,99.0,99.0,99.0,15.384615384615383,MXL
2026-06-05,21.200000762939453,22.989999771118164,20.690000534057617,22.5,3074800.0,-0.0476190231376124,21.17476215020241,20.033617134936087,19.531199951171875,19.018999926249187,16.843199958801268,13.95094997406006,14.661366653442382,15.15999984741211,23.530000686645508,8.104999542236328,23.530000686645508,8.104999542236328,23.530000686645508,8.104999542236328,23.530000686645508,8.104999542236328,23.530000686645508,8.104999542236328,23.530000686645508,3112672.5,3770594.0,2603479.333333333,68510228.92061234,-1,False,71,71,278772343.6995506,71,0.0620964007624282,1.2620716094970703,0.0595316775508492,4.345052005669389,-0.8398885276920124,-1.0687909569784444,-3.528072120842511,23.5,21.500999450683597,2884600.0,False,False,True,0.1084905261457001,0.2188679778308516,0.3070754714434832,0.7127497901477097,0.908665849465628,0.258668234943181,0.9009774816951684,False,False,0.1584700353432759,1.155548636820089,1.0229009245181304,1.8465428490164864,0.3460317944723463,1.248681684317144,0.0,0.0,1.1955817970771934,71.0,91.0,91.0,97.0,97.0,85.0,85.0,91.0,97.0,97.0,96.0,84.61538461538461,NAVN
2026-06-05,227.80999755859372,250.75,216.69000244140625,246.8600006103516,20874000.0,-0.1226942435461736,235.9998518040296,219.2643370351445,209.58119995117187,198.21933339436848,172.62160034179686,136.35150062561036,117.15767555236816,132.6999969482422,278.8399963378906,89.65299987792969,278.8399963378906,73.5199966430664,278.8399963378906,73.5199966430664,278.8399963378906,73.5199966430664,278.8399963378906,41.400001525878906,278.8399963378906,17661920.0,17228394.0,16451660.317460315,4080417492.4904633,-1,False,269,269,8459570983.883667,269,0.0964351849045859,24.240572248186385,0.1064069729510075,3.004571575176179,-1.3143260622291748,5.54361915712441,4.656499035326705,264.4700012207031,234.69000244140625,12304800.0,False,False,True,0.1495105479285796,0.353496333094794,0.4678898971959086,0.7555117885923978,0.9788544422654832,0.3197073663291379,0.8169918252421,False,False,0.1677174731401038,1.164772754677429,1.5502070176763154,2.327877986967451,1.3029721166140482,2.1364124631516104,4.783447603161463,4.676744580144259,1.0735645922165815,61.0,92.0,92.0,98.0,98.0,97.0,97.0,96.0,97.0,98.0,97.0,84.61538461538461,NBIS
2026-06-05,10.899999618530272,11.4399995803833,10.699999809265137,11.239999771118164,1047100.0,-0.0362511747015762,10.222304233307888,9.703280822612,9.31799991607666,9.236333274841307,8.723200006484985,9.606500062942503,9.818200039863587,7.840000152587891,11.579999923706056,7.070000171661377,11.579999923706056,7.070000171661377,12.68000030517578,7.070000171661377,13.739999771118164,7.070000171661377,13.739999771118164,4.71999979019165,13.739999771118164,2063552.5,1947894.0,2390802.380952381,12932726.309814451,-1,False,402,402,88257397.44186401,235,0.0552409377700091,0.5864285060337612,0.0538007822529477,4.638248693955218,-0.6991488252496745,-4.837461985995894,-9.222657295507377,11.579999923706056,10.210000038146973,2498800.0,True,False,False,0.0678898896345047,0.2330275275913738,0.3119265814239285,0.7470588961274648,0.675257483210072,0.2495414080185041,0.7933042067032894,False,False,0.2260966476471761,1.2230047101551031,0.2165178093888171,1.11046084086556,-0.1006600889891453,0.8342962472850679,0.4769646950548887,1.1943372027588728,0.8631213171111113,34.0,94.0,94.0,83.0,83.0,35.0,35.0,90.0,87.0,83.0,80.0,96.15384615384616,NEO
2026-06-05,8.529999732971191,8.789999961853027,8.385000228881836,8.699999809265137,2151400.0,-0.0150115608234988,8.392315457174993,8.297143313170016,8.315999984741211,8.171666653951009,7.968599987030029,6.775599994659424,6.724600002765656,6.980000019073486,9.239999771118164,5.625,9.239999771118164,4.75,9.239999771118164,4.75,9.239999771118164,4.75,9.239999771118164,4.75,12.119999885559082,3139725.0,3941550.0,3678334.523809524,23578918.66533041,-1,False,78,78,149901756.32014275,78,0.0509825940028876,0.4279999051775251,0.0501758403957702,1.40409188767363,-0.3037386524349736,5.214040869249094,-0.0472039467261235,8.885000228881836,8.25,2269100.0,True,False,True,0.0474794543551668,0.1242673449940985,0.2198124336103461,0.5653335571289062,0.6047367152516142,0.0704514904569078,0.7037953641513349,False,False,0.1403742929438873,1.1374985277763408,0.5177935776990892,1.3854711534382331,0.3937908321042309,1.2929866077197336,0.0154762048029311,0.8211577527704254,0.8535724468986837,33.0,90.0,90.0,93.0,93.0,87.0,87.0,81.0,86.0,90.0,88.0,76.92307692307693,NEXT
2026-06-05,21.600000381469727,23.3700008392334,20.98900032043457,23.149999618530277,2783900.0,-0.0843577684716485,21.59768486550959,21.17012496965765,20.99259994506836,20.432166608174644,19.286199970245363,17.788500032424928,16.34975004673004,15.329999923706056,24.420000076293945,13.779999732971191,24.420000076293945,13.109999656677246,24.420000076293945,13.109999656677246,24.420000076293945,10.869999885559082,24.420000076293945,10.869999885559082,24.420000076293945,3072817.5,2791450.0,1612354.365079365,61797973.1593132,-1,False,44,44,177365564.11094666,50,0.0818853261790861,1.972428458077567,0.0913161307057049,1.3138074717262174,-1.0089084666004682,2.658831194582736,-2.027157526309109,24.420000076293945,21.170000076293945,5830500.0,False,False,True,0.1102315035531873,0.2504629514753739,0.2504629514753739,1.0,1.0934997940138638,0.119971814810283,0.8845208973786297,False,False,0.1174340644968019,1.1146161493792888,0.3227189517688411,1.2074032850764294,0.4855571140398371,1.3781160050797665,0.8258664852723825,1.4764742027569928,1.905795380067549,91.0,89.0,89.0,88.0,88.0,89.0,89.0,91.0,88.0,87.0,84.0,76.92307692307693,NN
2026-06-05,14.380000114440918,15.670000076293944,14.0,15.65999984741211,185183800.0,-0.1347774134586506,15.54924314920803,14.80010125375739,14.488000030517576,14.003000036875408,12.162600030899048,9.779100012779235,7.759900004863739,10.3100004196167,17.450000762939453,7.789999961853027,17.450000762939453,6.059999942779541,17.450000762939453,6.059999942779541,17.450000762939453,5.860000133514404,17.450000762939453,4.0,17.450000762939453,119177800.0,109702488.0,50624051.984126985,1883771542.8056624,-1,False,220,220,3149090812.8433228,10,0.0668510830260935,1.1292856761387415,0.0785316875626914,2.321521469252509,-1.9835554210264144,13.01281122594922,11.365699776668066,16.68000030517578,15.529999732971191,128968300.0,False,False,True,0.1161335231574074,0.2399166019112084,0.3546592726621831,0.6764706872326206,1.3173742240011912,0.1823129986934184,0.824068738437041,False,False,0.0902199068927518,1.0874706197046704,0.8578812066765089,1.6959096784870151,1.2971245349314438,2.1309878006922225,1.6876938709140663,2.1733849092041964,2.3541734675321493,93.0,86.0,86.0,96.0,96.0,97.0,97.0,90.0,93.0,96.0,95.0,61.53846153846154,NOK
2026-06-05,5.46999979019165,6.296000003814697,5.429999828338623,6.25,5887200.0,-0.1571648716330813,5.575720486530559,5.302456392165264,5.192000045776367,5.054666694005331,4.426400017738343,4.224500017166138,3.852250001430512,3.75,6.644999980926514,2.950000047683716,6.644999980926514,2.8499999046325684,6.644999980926514,2.8499999046325684,6.644999980926514,2.8499999046325684,6.644999980926514,0.6539999842643738,6.644999980926514,4858155.0,4455944.0,3357411.111111111,30441894.7949338,-1,False,113,113,56908565.49396515,206,0.1158280700469303,0.5973571028028216,0.1092060558894266,2.158920223065769,-1.7075213070048654,-0.5260881919829217,-2.5889336290259064,6.644999980926514,5.550000190734863,7253000.0,False,False,True,0.1583181368724938,0.3491773163934965,0.4506398989279532,0.7748477603163181,1.148555726912187,0.2357671625409338,0.8231752905782502,False,False,0.2992873493177603,1.2960108414861462,0.8112582201121388,1.6533513201429273,0.5027471517986815,1.394062794294061,4.978141707010542,4.834182609748692,1.446994377281437,83.0,95.0,95.0,96.0,96.0,90.0,90.0,92.0,93.0,92.0,90.0,76.92307692307693,NRGV
2026-06-05,167.0399932861328,177.6199951171875,166.72000122070312,177.0,3258600.0,-0.0661374302789252,162.1490961307647,147.3936292709097,135.05919921875,130.71099929809571,119.35777542114258,109.81757102966309,111.75956272125244,106.3000030517578,192.8300018310547,94.88999938964844,192.8300018310547,93.97862992718514,192.8300018310547,93.21255900816844,192.8300018310547,93.21255900816844,192.8300018310547,93.21255900816844,192.8300018310547,3139817.5,2917514.0,2268041.6666666665,646729523.135109,-1,False,7,7,2772640071.194458,7,0.0505414925669396,10.71642793927874,0.0641548633261851,6.226961029636367,-1.1039127868059826,7.185224337432804,0.7765802691806261,180.0,174.7100067138672,3229700.0,False,False,True,0.0652537975011356,0.4198396054930546,0.4803041581754784,0.8741119524925429,2.098533203268262,0.3994898337938024,0.8662552076957535,False,False,0.4948988408768682,1.49112904525608,0.6613457556637323,1.5165083409092392,0.4714358153234057,1.365016012094169,0.6410126455524705,1.3269934341309615,1.3843738173534437,81.0,97.0,97.0,95.0,95.0,89.0,89.0,94.0,92.0,90.0,88.0,80.76923076923077,NTAP
2026-06-05,162.86000061035156,170.14500427246094,161.11000061035156,169.6699981689453,2035800.0,-0.0633770644295066,168.9415850763945,165.68895140709895,167.8492010498047,163.28933410644532,148.84665817260742,131.47397094726563,116.10403629302978,134.69500732421875,178.0,106.84260362152574,178.0,102.24437512645063,178.0,92.90766384363884,178.0,92.90766384363884,178.0,65.31927178144063,178.0,2120975.0,2079060.0,2130608.333333333,305946186.59095764,-1,False,330,330,815704566.6015625,35,0.0402184541710699,7.738143920898437,0.0475140850540227,1.9814370320930657,-1.4241146695009337,6.8804863040422015,4.9513201932276285,175.99000549316406,165.61000061035156,1325600.0,False,False,True,0.0554771191713669,0.103708702728415,0.1584182915084548,0.6546510616981374,0.8538474118111069,0.0941461676720603,0.9149438236536604,False,False,-0.0558293499688835,0.941789665924074,0.5383882399098519,1.4042703569841273,0.5567066033766197,1.4441196942557606,1.4741266274193316,2.0006852468152148,0.99547859961748,51.0,35.0,35.0,93.0,93.0,91.0,91.0,79.0,86.0,85.0,87.0,34.61538461538461,NVT
2026-06-05,25.07999992370605,29.399999618530277,24.3799991607666,29.114999771118164,36737800.0,-0.1822628020437673,26.94616876644857,24.721033516407765,23.084400062561038,21.993000030517575,17.541900005340576,13.364300007820129,11.01082499742508,14.140000343322754,34.16999816894531,7.659999847412109,34.16999816894531,7.349999904632568,34.16999816894531,7.105000019073486,34.16999816894531,6.849999904632568,34.16999816894531,5.440000057220459,34.16999816894531,38995370.0,34956176.0,31152263.888888888,1035323528.3876228,-1,False,379,379,3463304261.135483,2,0.1431444488896283,3.85492856161935,0.1537052860185858,2.7957379088054277,-1.4500917625927898,5.850565551871319,5.665539220489573,31.549999237060547,28.200000762939453,41222800.0,False,False,True,0.2001595084942037,0.4218500019354873,0.7404305360432996,0.5697360946102552,1.2092077806222283,0.4297196949059412,0.7339772100573153,False,False,0.5035970902185034,1.4998053595868768,2.0585366472043445,2.791891044142644,1.8860760799484204,2.6773441425208864,2.6991149185252006,2.9912634873854023,1.2517668102416313,75.0,97.0,97.0,99.0,99.0,98.0,98.0,96.0,98.0,98.0,98.0,69.23076923076923,NVTS
2026-06-05,131.57000732421875,146.33999633789062,130.11500549316406,145.7050018310547,2326400.0,-0.1247338949336194,140.99278953807243,136.45085954057546,133.31160034179686,130.89066696166992,124.16460037231444,118.51495018005372,101.50727500915528,112.8499984741211,163.1300048828125,103.7300033569336,163.1300048828125,97.45999908447266,163.1300048828125,84.61000061035156,163.1300048828125,83.05999755859375,163.1300048828125,51.68999862670898,163.1300048828125,2267332.5,2172438.0,2211322.619047619,381960581.9716644,-1,False,386,386,827684048.3642578,23,0.0879940733338919,12.288355691092354,0.0933978491071374,0.6385784517049719,-1.525834739109285,0.9071368745843812,0.622858930188703,152.4250030517578,139.75999450683594,1416100.0,False,False,True,0.1233183092005494,0.3476476624376114,0.3476476624376114,1.0,1.0639521127875686,0.0596418538754104,0.8065346863609458,False,False,0.0435438246623804,1.0409122439609029,0.2971508126625233,1.1840641962178504,0.5143877933196253,1.404861540594554,1.3114900132938048,1.8691702827600736,1.025328679076463,55.0,78.0,78.0,87.0,87.0,90.0,90.0,74.0,71.0,73.0,81.0,57.692307692307686,NXT
2026-06-05,118.72000122070312,123.99099731445312,117.58000183105467,122.19000244140624,4017700.0,-0.0385487690866926,114.8949537792232,103.96857916453524,94.49919982910156,91.35366668701172,84.45329986572266,83.42870010375977,86.08522499084472,72.98999786376953,142.35000610351562,62.65999984741211,142.35000610351562,62.65999984741211,142.35000610351562,62.65999984741211,142.35000610351562,62.65999984741211,142.35000610351562,62.65999984741211,142.35000610351562,4278205.0,4206492.0,3310984.9206349207,527740035.16052246,-1,False,7,7,2167567293.9720154,7,0.0608384878955932,8.662928989955358,0.0729694145963726,5.560512404739265,-0.5494679849909515,0.710618103049482,-3.8591505448245607,125.29499816894533,120.71499633789062,3962900.0,False,False,True,0.0540009721822715,0.4476921210307805,0.5466644919807815,0.8189522597464033,1.639047453317396,0.4057473350296927,0.8340006753099191,False,False,0.5330578186710508,1.5291917947681548,0.4707631246944745,1.3425408518949855,0.3750290277531829,1.275581728017706,0.1242424520469789,0.9091108202492716,1.2921245800115584,77.0,98.0,98.0,92.0,92.0,86.0,86.0,95.0,94.0,92.0,90.0,80.76923076923077,OKTA
2026-06-05,117.26000213623048,126.30999755859376,116.72000122070312,126.18000030517578,19056600.0,-0.1104536821347393,122.9514403056758,116.95911217051594,114.24719940185548,111.5196662902832,95.54519966125488,79.47989978790284,65.4729999923706,92.44000244140624,134.9199981689453,55.02999877929688,134.9199981689453,54.9900016784668,134.9199981689453,53.09999847412109,134.9199981689453,44.560001373291016,134.9199981689453,44.560001373291016,134.9199981689453,12449045.0,11478772.0,9394113.095238095,1383776628.0667114,-1,False,168,168,2509885205.379486,168,0.0569154466708134,8.051429748535156,0.0686630530603364,3.309968805014192,-1.8083751138283568,11.944504774125786,10.070498709128396,134.49000549316406,124.91999816894533,10090000.0,False,False,True,0.0817840368683359,0.2054408655894728,0.309227305528357,0.6643684497345702,1.049726399304734,0.2272725636867478,0.869107646958302,False,False,0.108631992605034,1.1058362743152688,1.0618956275465554,1.882137963514648,1.0517935084066847,1.9034000418634816,1.3321401150175256,1.8858688435394688,1.325196415434945,79.0,88.0,88.0,97.0,97.0,96.0,96.0,85.0,95.0,94.0,93.0,69.23076923076923,ON
2026-06-05,11.350000381469728,12.949999809265137,11.199999809265137,12.949999809265137,764200.0,-0.1362252598998322,11.401796292421013,10.447180706681015,9.318000011444092,9.15733332633972,9.177199983596802,7.817799997329712,4.913849998116493,6.323999881744385,13.744999885559082,6.320000171661377,13.744999885559082,5.03000020980835,13.744999885559082,1.3899999856948853,13.744999885559082,1.1799999475479126,13.744999885559082,1.1799999475479126,13.744999885559082,1425075.0,1289698.0,1056250.396825397,14352613.987340927,-1,False,164,164,235958127.9037237,164,0.1613710414344702,1.7077141829899378,0.1504593943254831,1.5735854353321583,-1.048184748761072,3.498360499453284,3.935446470476374,13.744999885559082,11.699999809265137,886200.0,False,False,True,0.1541850168443245,0.3942730640874161,0.6538325774799438,0.6030183837077319,1.0347073500928123,0.2367607115194783,0.8257548545631044,False,False,0.4895013847676683,1.485745200306276,0.7762129293614612,1.6213613050892826,7.049645851174216,7.467465018938103,6.229299364508207,5.845922525989934,1.349182925074509,80.0,97.0,97.0,96.0,96.0,99.0,99.0,97.0,92.0,95.0,99.0,84.61538461538461,OPTX
2026-06-05,24.51000022888184,25.049999237060547,23.450000762939453,23.90999984741211,9386000.0,0.038559314945038,22.65198710459639,21.986107406943763,22.080799865722657,21.347999890645344,18.44019998550415,16.1921999835968,16.838399982452394,16.209999084472656,25.57999992370605,10.6899995803833,25.57999992370605,10.6899995803833,25.57999992370605,10.6899995803833,25.57999992370605,10.6899995803833,25.57999992370605,10.6899995803833,25.57999992370605,7539820.0,7469760.0,14934915.07936508,191276066.23521805,1,False,318,318,1499356345.4832077,350,0.0671590237317241,1.561499731881278,0.0637086787963899,5.166663453060528,0.5827729770505636,3.3868665247619143,1.253045020373559,23.920000076293945,21.8799991607666,10721400.0,False,False,False,0.0652794148992175,0.2023663418259761,0.2341901149537454,0.8641113732146435,0.932462354881549,0.3291613023800803,0.9581704574661628,False,False,0.2353830665512772,1.23226771081821,0.7709537542381313,1.6165606289424643,0.433333314743191,1.3296692284620273,0.7321555399043629,1.4006955001695416,0.5048451872630625,11.0,94.0,94.0,96.0,96.0,88.0,88.0,93.0,96.0,95.0,94.0,92.3076923076923,OSCR
2026-06-05,16.889999389648438,18.280000686645508,16.200000762939453,18.25,2233200.0,-0.1063492206058647,17.947117146042174,16.734692655391846,16.117999954223635,15.005333296457929,12.446899967193604,11.047649974822995,8.553574986457825,8.5600004196167,20.8799991607666,6.880000114440918,20.8799991607666,6.880000114440918,20.8799991607666,6.369999885559082,20.8799991607666,4.170000076293945,20.8799991607666,3.0,20.8799991607666,1926300.0,1817188.0,1281557.9365079366,28848392.541627884,-1,False,30,30,262284034.69467163,30,0.0975277731772776,1.6050710678100586,0.0950308541037471,3.756299389424167,-1.2522811414352253,2.1311685671655383,3.1033709909937257,19.5049991607666,17.790000915527344,1154000.0,False,False,True,0.1231497927099303,0.2770869489015749,0.3866192430592382,0.7166920785138451,0.8697118845160765,0.3569643392463624,0.8089080492581939,False,False,0.1017612181152085,1.0989828263594368,1.0083233883584146,1.833236193793906,1.7374390892704068,2.539457141163381,4.519607746889845,4.463392319950906,1.5030924042723297,85.0,87.0,87.0,97.0,97.0,98.0,98.0,97.0,97.0,96.0,96.0,61.53846153846154,OSS
2026-06-05,39.68000030517578,45.0,38.400001525878906,44.93000030517578,5584800.0,-0.1573582464090284,42.02989956196252,38.39018057479299,35.221800003051754,33.81049995422363,29.02209999084473,25.258049926757813,26.314625015258787,23.600000381469727,49.38999938964844,16.399999618530273,49.38999938964844,16.399999618530273,49.38999938964844,16.399999618530273,49.38999938964844,16.399999618530273,49.38999938964844,13.449999809265137,49.38999938964844,4404617.5,3845802.0,2880898.015873016,219695837.7377033,-1,False,359,359,501950439.10217285,23,0.1337863036914997,4.978072030203683,0.1254554433447006,2.9272061592073837,-1.488528049102761,0.5154719201358811,-0.4877910565596907,48.83000183105469,40.43999862670898,5267000.0,False,False,True,0.1663306054274451,0.3560988145020791,0.6499495667799859,0.5478868403071372,1.3789529466155563,0.3672339464647005,0.8034015143861744,False,False,0.3498894263393584,1.3464853115532518,0.9575727384839712,1.7869100250365724,0.6623376166772741,1.5421110731712144,1.8403721937519384,2.2968471704421494,1.5289043470930512,85.0,96.0,96.0,97.0,97.0,93.0,93.0,96.0,97.0,96.0,95.0,69.23076923076923,OUST
2026-06-05,272.04998779296875,280.6400146484375,269.3999938964844,278.989990234375,7795500.0,-0.0257833919678827,271.6121097088823,253.71532907204963,239.9083990478516,230.03333231608076,203.86419982910155,185.1302000427246,192.1299001312256,173.11000061035156,302.95001220703125,143.5,302.95001220703125,139.57000732421875,302.95001220703125,139.57000732421875,302.95001220703125,139.57000732421875,302.95001220703125,139.57000732421875,302.95001220703125,8578000.0,8578170.0,7817917.857142857,2638955797.6854706,-1,False,114,114,5053631752.044678,290,0.0536019435782877,14.37643105643136,0.0528448141941174,6.329224805206705,-0.5008205568384299,3.901757020178114,-0.596714716109287,280.7200012207031,269.0,9832300.0,True,False,True,0.0413160127046461,0.220216951329144,0.4025731462799962,0.5470234499346848,1.2778156646464225,0.3344667088239477,0.8980028943093559,False,False,0.4811084420782392,1.477373422713595,0.648288293019037,1.5045892380107098,0.4049991268533877,1.3033842762021384,0.4018136627288031,1.133566844446792,1.0972230914606875,63.0,97.0,97.0,95.0,95.0,88.0,88.0,94.0,94.0,92.0,91.0,84.61538461538461,PANW
2026-06-05,42.5,43.34999847412109,41.720001220703125,42.47999954223633,2488700.0,-0.0060804100032499,41.75387321645086,41.53069093575044,41.607335815429686,41.60488929748535,42.19775260925293,39.64526918411255,34.97761845588684,36.61000061035156,46.14784412686351,35.87731459119741,51.82941107084208,30.984022023017392,51.82941107084208,25.248429363870372,51.82941107084208,25.248429363870372,51.82941107084208,16.944471321296017,51.82941107084208,2994360.0,3129406.0,3355123.412698413,110417369.44150925,-1,False,309,309,312661332.5592041,36,0.0538735222760067,2.252857480730329,0.0530084113113018,0.1351227421950537,-0.1154082420912472,1.0264520003884563,0.1806494059141894,42.84000015258789,40.58000183105469,1608200.0,False,True,True,0.038352876551011,0.1712940889246323,0.1712940889246323,1.0,0.8343276647389313,0.0071626418957864,0.8199977410877707,False,False,0.0287924898680129,1.0261981086851837,-0.0106940855043781,0.9030574556372613,0.2762786447924874,1.1839733462330382,1.4508703784894168,1.9818792432684704,0.8924738770165647,38.0,74.0,74.0,43.0,43.0,82.0,82.0,73.0,59.0,74.0,85.0,76.92307692307693,PBF
2026-06-05,12.515000343322754,13.8100004196167,12.19499969482422,13.65999984741211,5588200.0,-0.1028673466353241,12.658845350516064,11.739945045349376,11.15079999923706,10.510666672388712,8.718400001525879,8.556049995422363,9.96255000114441,6.989999771118164,14.19499969482422,4.929999828338623,14.19499969482422,4.929999828338623,14.19499969482422,4.929999828338623,14.19499969482422,4.929999828338623,14.19499969482422,4.929999828338623,17.3700008392334,4491847.5,4403048.0,3981172.619047619,64002229.31071758,-1,False,98,98,294841129.61034775,353,0.0829862101639693,0.9533570834568568,0.0761771520018783,5.71654149122851,-1.505206696256033,0.2141849678514562,-1.3228090152079237,14.19499969482422,13.204999923706056,4404500.0,False,False,True,0.1290452001988275,0.2612864094593516,0.4374749722413342,0.5972602458163305,0.9796463722403208,0.4354698501023584,0.720495091459943,False,False,0.6423885211652498,1.6382467900424331,1.0550082150662372,1.8758510010096563,0.4061798741278433,1.3044796273680432,0.2603222516317145,1.0191508013890922,1.128272478944795,66.0,98.0,98.0,97.0,97.0,88.0,88.0,96.0,97.0,96.0,95.0,80.76923076923077,PCT
2026-06-05,59.86000061035156,68.7030029296875,58.58200073242188,68.16999816894531,4794900.0,-0.1587971117232353,60.84213185874426,54.16338679637521,49.92800056457519,46.49933382670085,37.03280033111572,28.045800189971924,25.27315011024475,27.280000686645508,73.23999786376953,16.040000915527344,73.23999786376953,16.040000915527344,73.23999786376953,16.040000915527344,73.23999786376953,16.040000915527344,73.23999786376953,16.040000915527344,73.23999786376953,3032490.0,2749920.0,1455529.365079365,206568575.50849915,-1,False,23,23,440980243.1819916,23,0.1090125897725231,6.306214468819754,0.1053493886488404,5.8510535908849866,-1.7918837216255783,14.57755584556191,9.726715408083024,72.47000122070312,63.803001403808594,2647200.0,False,False,True,0.1690778832955007,0.4061142216959789,0.5613764773507929,0.7234257901444031,1.2474835631582009,0.6164049187513361,0.817312975919176,False,False,0.535265402243128,1.5313938113154577,2.278203716321483,2.992407367372505,1.7867784863145957,2.585228126408556,2.142257375732477,2.540964518005146,2.0834275644000138,92.0,98.0,98.0,99.0,99.0,98.0,98.0,98.0,99.0,98.0,98.0,88.46153846153845,PENG
2026-06-05,3.220000028610229,3.5,3.150000095367432,3.5,79379800.0,-0.1055555239135828,3.696060163931432,3.632446090371728,3.5979999828338625,3.524666659037272,3.190400004386902,2.6705999958515165,2.513850000500679,2.950000047683716,4.329999923706055,2.109999895095825,4.329999923706055,1.7200000286102295,4.329999923706055,1.7200000286102295,4.329999923706055,1.7000000476837158,4.329999923706055,0.8600000143051147,4.579999923706055,83027120.0,79552564.0,95422716.26984128,351428430.73530674,-1,False,245,245,1903102972.4182608,245,0.1056398688738204,0.3571428401129586,0.1109139245154303,0.0836490199120227,-1.0639997035980082,1.5611681113797546,0.559104673015929,3.7200000286102295,3.5,54025000.0,False,False,False,0.1086956215909197,0.3664595707621523,0.3975155155331554,0.9218748864950588,1.01536639347036,0.0092778410803118,0.7030567865172938,False,False,-0.0271903068656051,0.9703564878600583,0.5117370214111066,1.3799426124366987,0.4439461888202429,1.3395145393472534,2.462365595532753,2.7998177980438923,0.87009805678987,35.0,45.0,45.0,93.0,93.0,89.0,89.0,56.0,87.0,91.0,89.0,19.230769230769237,PLUG
2026-06-05,77.0199966430664,83.05999755859375,76.45999908447266,82.48999786376953,1461100.0,-0.0970692393019881,80.93239396875644,77.7632999566159,76.24970275878906,75.2650644938151,67.50213027954102,56.85026794433594,48.10900777816772,64.32078459508278,89.0,44.38014312735122,89.0,42.96171798315662,89.0,34.97716170052519,89.0,30.456414020801404,89.0,30.456414020801404,89.0,1329520.0,1220004.0,962563.8888888888,113464466.5009308,-1,False,168,168,363568439.0258789,168,0.0692806872991662,5.9178544348562685,0.0768352985300865,1.8351067849948357,-1.399156822770432,10.227509054122834,10.204666093672024,87.36000061035156,80.37000274658203,809900.0,False,False,True,0.0856920119681055,0.2473791892239593,0.3204260773898504,0.7720320119981445,1.3922413369136497,0.1410009776596654,0.8653932207086114,False,False,-0.0130301356716755,0.98448095031578,0.6763058906867163,1.5301642397286994,1.142988149118969,1.9879991412554472,0.4371379854131811,1.1621316116923923,1.3812277972890687,81.0,51.0,51.0,95.0,95.0,97.0,97.0,78.0,91.0,90.0,93.0,61.53846153846154,POWI
2026-06-05,30.15999984741211,31.25,29.815000534057617,30.299999237060547,934100.0,-0.0111475459864882,31.07265355700949,31.16638154335766,31.529199905395508,31.41866658528646,29.239599952697755,27.31479995727539,25.8785999584198,25.42200088500977,34.88999938964844,20.3799991607666,34.88999938964844,20.3799991607666,34.88999938964844,20.3799991607666,34.88999938964844,20.3799991607666,34.88999938964844,12.260000228881836,34.88999938964844,1305612.5,1268142.0,1139415.4761904762,43212556.90976143,-1,False,441,441,88037346.29917145,218,0.0498192511697581,1.445357186453683,0.047922983878188,0.6568425564731701,-0.2352360757427112,-1.5854908663214702,-3.7336869856840194,30.850000381469727,29.65999984741211,1742100.0,False,True,False,0.0475795581300546,0.1090848483031743,0.1828580708736858,0.5965547365887265,0.9243996334795316,0.0314778552443715,0.8644310798228424,False,False,0.1003283478770116,1.0975535694948015,0.2817679119121092,1.170022388715798,0.093546045353265,1.0144566594917237,1.4620408038703765,1.9909121298688004,1.1458616521211271,68.0,87.0,87.0,86.0,86.0,65.0,65.0,76.0,85.0,81.0,77.0,19.230769230769237,PRM
2026-06-05,10.75,11.949999809265137,10.380000114440918,11.75,4148800.0,-0.1115702759428961,10.392273257759362,9.23130497543228,8.073199977874756,7.664999977747599,7.166999979019165,7.876200003623962,7.828399994373322,4.954999923706055,12.529999732971191,4.954999923706055,12.529999732971191,4.954999923706055,12.529999732971191,4.954999923706055,12.529999732971191,4.954999923706055,12.529999732971191,3.839999914169312,12.529999732971191,2573937.5,2386808.0,1550350.7936507936,27896290.513346195,-1,False,343,343,67118702.11601257,1,0.1060877639265132,1.037428617477417,0.0965049876723178,5.180356500240436,-1.3012947191994284,-0.4723105589113237,-5.109664857943371,12.529999732971191,10.59000015258789,5547000.0,False,False,True,0.1460464832394622,0.4167441434638445,0.6613953169002089,0.6300984189259428,1.4308482290992823,0.4999302401939149,0.8579409600235397,False,False,0.7710048922548371,1.7665388198326384,0.3711734427009614,1.251633475813405,0.0570304738795452,0.9805820322512272,1.087378602122731,1.6879441526971228,1.6602290981764496,88.0,98.0,98.0,90.0,90.0,60.0,60.0,98.0,96.0,95.0,93.0,84.61538461538461,PSNL
2026-06-05,70.97000122070312,72.97000122070312,69.91500091552734,70.77999877929688,937100.0,0.0046716001402322,70.56851502647403,70.43060998530413,70.22240020751953,69.76266708374024,69.78199996948243,70.0238500213623,69.15199989318847,63.18000030517578,79.91000366210938,62.130001068115234,79.91000366210938,61.43000030517578,79.91000366210938,61.43000030517578,80.19999694824219,61.43000030517578,87.5,43.17499923706055,87.5,1280392.5,1191696.0,1298925.7936507936,102393317.84503935,1,False,191,191,1334692875.0,191,0.0419764843291072,2.705213819231306,0.0381177085064238,0.4466287762359237,0.1219873374550697,-6.87296032312611,-9.25854439142224,71.7300033569336,69.45500183105469,1098000.0,False,True,True,0.0430463611755524,0.0978582439815183,0.1795829579732923,0.5449194349280729,0.9130516507565688,0.0170244655031417,0.8110857282366072,False,False,0.0660958621909233,1.0634074103688118,0.1297357778648697,1.0312445343270475,-0.0632259870705129,0.8690229733747596,0.3880305053418071,1.1224211903266317,0.9857318303005568,50.0,82.0,82.0,74.0,74.0,38.0,38.0,65.0,50.0,47.0,43.0,69.23076923076923,PTCT
2026-06-05,11.510000228881836,12.399999618530272,11.470000267028809,12.399999618530272,10355400.0,-0.0619397066445059,11.779458692178585,11.74656321574574,11.878344268798829,11.853689511617024,11.280099029541017,9.878316149711608,7.798816154003143,10.862229816827323,12.963318443731982,9.088198167738296,12.963318443731982,7.012742680363568,12.963318443731982,5.621947264732419,12.963318443731982,5.061562595824641,12.963318443731982,4.926330147816655,12.963318443731982,8950197.5,9359160.0,9686594.047619049,92356557.67387868,-1,False,441,441,203064688.29631805,43,0.0457754427754442,0.6314636057746407,0.0548621714350726,0.3714970176140131,-1.2035534937116676,8.508109694721462,8.015535633190826,12.5600004196167,11.760000228881836,14312500.0,False,False,True,0.0807992470033001,0.1498243210330498,0.1825446207752833,0.8207545113996382,0.9322481932139208,0.0203811330679581,0.8878899549402912,False,False,0.0029016491428464,1.0003725587845969,0.2947157755211373,1.1818414475078085,0.8712886408124503,1.7359499689747,1.1536771797774965,1.7415560352615478,0.9239777630817456,42.0,61.0,61.0,87.0,87.0,95.0,95.0,43.0,71.0,87.0,92.0,26.923076923076923,PTEN
2026-06-05,19.549999237060547,20.46999931335449,19.450000762939453,20.1200008392334,1021600.0,-0.0383669793198562,19.23810810428458,18.139190374669088,17.38,16.74166669845581,15.171000003814695,13.6653000164032,13.985474884843027,12.710000038146973,20.81999969482422,10.65999984741211,20.81999969482422,8.920000076293945,20.81999969482422,8.920000076293945,20.81999969482422,8.920000076293945,20.81999969482422,8.920000076293945,20.81999969482422,1239562.5,1115628.0,1143593.2960893854,28674028.72030258,-1,False,259,259,78998868.55583191,29,0.0540966848514998,0.9884283883231026,0.0505589988182382,5.709028293393295,-0.7891322182366712,4.3399244076968015,1.0479735405911417,20.81999969482422,19.76000022888184,1333700.0,False,False,True,0.0521738409319959,0.1580562799578139,0.2695652025448227,0.5863378450396716,1.461257695217402,0.2886427547389603,0.9390009377339524,False,False,0.3719297710217928,1.3684700754882853,0.8101850825736243,1.6523717395694364,0.2736155538250664,1.1815028600763626,0.0,0.0,1.0839189983351507,62.0,96.0,96.0,96.0,96.0,82.0,82.0,94.0,93.0,95.0,93.0,92.3076923076923,PTRN
2026-06-05,8.529999732971191,9.029999732971191,8.149999618530273,8.960000038146973,22626700.0,-0.1011591213172242,9.232059899857042,8.509531264514793,7.881999931335449,7.568666601181031,6.799399957656861,5.711499977111816,5.239370060717966,5.710000038146973,11.619999885559082,4.505000114440918,11.619999885559082,3.6649999618530273,11.619999885559082,3.009999990463257,11.619999885559082,3.009999990463257,11.619999885559082,3.009999990463257,11.619999885559082,12543347.5,10947210.0,6417461.417322835,168901989.08977747,-1,False,4,4,452664840.2342796,4,0.1053574528006828,1.0724999904632568,0.1257327109070941,2.0243135184773653,-0.8951049386325022,7.343857854127223,4.111382828332807,10.0,9.359999656677246,34141100.0,False,False,True,0.103165315590742,0.4976553362775373,0.6641266282759636,0.7493380254446707,2.2267792432957805,0.2545224264040371,0.7340791580877697,False,False,0.2326589073593612,1.229550421337549,0.9699768783530024,1.7982327623470096,1.1871793652270544,2.028994281480569,0.0,0.0,1.9545653155220208,91.0,94.0,94.0,97.0,97.0,97.0,97.0,93.0,94.0,95.0,96.0,80.76923076923077,PURR
2026-06-05,142.0500030517578,150.2550048828125,141.47000122070312,150.0,1863000.0,-0.0823643394615244,152.93127846964893,152.14484254093497,153.1949041748047,151.24654591878254,141.30946975708008,124.67299240112304,111.04634373484096,135.1319553692163,171.43369620683893,105.35696036651784,171.43369620683893,92.5639800637896,171.43369620683893,75.56844486422929,171.43369620683893,72.67162960627505,171.43369620683893,70.36602295286859,171.43369620683893,1814840.0,1746242.0,2284804.575163399,322752385.97084045,-1,False,214,214,1046952859.4970704,99,0.0456992268030786,7.378750016563182,0.0519447367690279,0.1008862020090823,-1.7279349444526375,5.68464474452733,6.233027056259719,156.88999938964844,150.10000610351562,1255800.0,False,False,False,0.0618444454303069,0.1795559065703186,0.210937658165471,0.8512273632499757,1.0460291299831297,0.0052405072069887,0.8286002471787753,False,False,-0.0489726442676,0.9486290805696558,0.29037158140842,1.1778759836156565,0.771458653134955,1.643340063569486,0.0,0.0,0.7943086335382582,27.0,37.0,37.0,87.0,87.0,94.0,94.0,38.0,78.0,83.0,90.0,0.0,Q
2026-06-05,215.94000244140625,238.44000244140625,215.0,237.6499938964844,24189200.0,-0.1097827599403864,231.67437445990964,219.9690022470245,215.9477453613281,206.01653594970705,175.64971481323244,158.72400314331054,162.76182472229004,143.0516498718786,258.9635412258548,121.54109371821322,258.9635412258548,121.54109371821322,258.9635412258548,121.54109371821322,258.9635412258548,121.54109371821322,258.9635412258548,121.54109371821322,258.9635412258548,24127545.0,21346168.0,11862572.61904762,5832400693.074646,-1,False,221,221,15120759620.362854,221,0.079032175443267,19.48180868362456,0.0902186184281016,2.54247532405665,-1.3669164560268146,-0.5976304376828856,-4.60728743603114,246.6999969482422,235.32000732421875,14185600.0,False,False,True,0.1085486810058109,0.2110848645396957,0.317896006910268,0.6640060269749734,1.096929903296929,0.2293786111239308,0.8338625638930169,False,False,0.1255001361160765,1.1226618801964732,0.5972995497895226,1.4580457330621293,0.2523200520047739,1.1617475294886737,0.4881977633882488,1.2034207451458938,2.0339217954508984,92.0,89.0,89.0,94.0,94.0,80.0,80.0,93.0,92.0,90.0,88.0,57.692307692307686,QCOM
2026-06-05,73.41000366210938,78.08000183105469,71.98999786376953,77.0,9492400.0,-0.0466233290635146,74.57852303585496,70.03801851465231,66.73399993896484,64.51099993387858,58.69400001525879,57.331499862670896,67.9653999710083,50.255001068115234,86.45500183105469,42.25,86.45500183105469,42.25,86.45500183105469,42.25,86.45500183105469,42.25,92.76599884033205,42.25,103.0,3791680.0,3747654.0,3889549.603174603,308916940.5311012,-1,False,268,268,1478555591.4665222,182,0.0576659387652498,4.774786267961774,0.0650427193811227,3.854761284732747,-0.7518653477704451,-3.899581554645733,-9.355007960878456,78.25,75.70999908447266,9244100.0,False,False,True,0.0829587748737372,0.2988285382783364,0.3870725990740383,0.7720219385024907,1.4828236544782416,0.2507241565240883,0.7127184821564017,False,False,0.270508916805531,1.2673049816496669,0.2840651742750206,1.1721193739596796,0.0280072804569986,0.9536579059445864,-0.2550233105331556,0.6024202057079843,0.974837805617719,49.0,95.0,95.0,86.0,86.0,54.0,54.0,92.0,91.0,89.0,87.0,80.76923076923077,RBRK
2026-06-05,9.470000267028809,10.458999633789062,9.390000343322754,9.979999542236328,4607800.0,-0.0405268108579734,8.00803224532109,6.665497162787992,5.495599927902222,5.00033327738444,4.9574999690055845,6.25484999537468,6.892299990057945,2.3350000381469727,10.859999656677246,1.5,10.859999656677246,1.5,10.859999656677246,1.5,10.859999656677246,1.5,11.260000228881836,1.5,13.239999771118164,10284350.0,8859378.0,5720239.682539683,62804505.38064003,-1,False,310,310,1525729708.5443497,310,0.1443733959376194,0.9735714708055768,0.1028058546307763,8.853942060983243,-0.4108579909385551,-0.534682151146761,-8.724219393117593,10.859999656677246,9.829999923706056,7095000.0,False,False,False,0.1128827096434396,0.6747623744777828,0.7983104003367568,0.8452381106310817,1.1277981366186205,0.9102370804307596,0.715256830116171,False,False,1.7529070085773857,2.745964801853026,0.1734821096836589,1.0711770269230108,-0.0823642880747089,0.8512688266814745,-0.0227037484913688,0.7902837997425339,1.797887950638099,90.0,99.0,99.0,79.0,79.0,36.0,36.0,99.0,99.0,99.0,99.0,92.3076923076923,REPL
2026-06-05,24.65999984741211,26.51000022888184,23.979999542236328,26.51000022888184,18383900.0,-0.1022933941092713,26.30798492853814,25.04040642599381,24.559000091552733,23.355166753133137,20.286400108337403,17.92915005683899,17.21527503490448,15.3100004196167,28.940000534057617,11.5,28.940000534057617,11.5,28.940000534057617,11.5,28.940000534057617,11.5,28.940000534057617,8.869999885559082,28.940000534057617,18762107.5,18376568.0,26609948.80952381,415346594.9599838,-1,False,319,319,1793209932.5496674,319,0.0639681714928015,1.765000343322754,0.0715734125808592,3.012189730397796,-1.5920673764019415,2.4164006084640395,2.053231739428493,28.07999992370605,26.059999465942383,16211400.0,False,False,True,0.1025953245052843,0.2011354834757554,0.2923763599527324,0.687933468725968,0.925032356422592,0.2155926983455887,0.8521077882632154,False,False,0.0405062891801186,1.0378823684537817,0.7409106892920989,1.589136741758346,0.5767262983431007,1.4626914891664895,1.5957894576223275,2.099067046184477,0.7050786769377386,20.0,77.0,77.0,96.0,96.0,91.0,91.0,95.0,95.0,94.0,93.0,61.53846153846154,RIOT
2026-06-05,110.08000183105467,117.9800033569336,106.7300033569336,114.2699966430664,21477400.0,-0.0822842465052029,123.9120980561854,120.63913743626031,118.0919989013672,111.74633229573568,96.13759956359864,85.77730007171631,70.995625,73.98999786376953,151.0,56.13199996948242,151.0,56.13199996948242,151.0,52.68000030517578,151.0,37.56999969482422,151.0,25.239999771118164,151.0,26749875.0,26270542.0,23719107.936507937,3996958587.787476,-1,False,28,28,8429932428.567505,28,0.0970410028458008,12.488570622035436,0.113449949257834,1.2783213099246686,-0.7903222407032239,-0.0877254606073227,0.5097253953527306,122.62999725341795,110.38999938964844,24826300.0,False,False,False,0.1021983994628374,0.4021620267685841,0.5916605756727389,0.6797174652228801,1.0471702487143204,0.1450254877461616,0.7290066346427463,False,False,0.3004134654079293,1.2971341177670994,0.5701041345419937,1.4332212352616152,1.461538435291749,2.283510665954508,3.090672703650754,3.307893960253905,1.1277774472634012,66.0,95.0,95.0,94.0,94.0,98.0,98.0,93.0,94.0,93.0,92.0,30.76923076923077,RKLB
2026-06-05,145.30999755859375,161.8000030517578,142.11000061035156,160.61000061035156,4360100.0,-0.1419545773752577,152.93534050727123,144.91911695155275,137.90280059814452,136.19400024414062,124.93020050048828,113.23499992370606,103.97214988708495,104.5,174.10000610351562,77.88999938964844,174.10000610351562,77.88999938964844,174.10000610351562,77.88999938964844,174.10000610351562,77.88999938964844,174.10000610351562,56.209999084472656,174.10000610351562,2559155.0,2501512.0,1993867.4603174604,324379422.226944,-1,False,122,122,748981269.8150635,135,0.0762773892951467,12.49643053327288,0.0859984222918585,1.8968890702739771,-1.9237500245300585,6.726825823728064,3.17537019027417,171.27999877929688,157.50999450683594,2144600.0,False,False,True,0.1355034255882262,0.2409332485984511,0.3828367339995354,0.6293368091441913,0.9843326755977984,0.1631294673062324,0.8346352238046216,False,False,0.1174254464844646,1.114607553099623,0.6490012826767642,1.5052400686756926,0.4823013298790535,1.3750956915430763,1.54260706349752,2.056061473981086,1.2835130975017444,77.0,89.0,89.0,95.0,95.0,89.0,89.0,90.0,93.0,91.0,89.0,80.76923076923077,RMBS
2026-06-05,42.290000915527344,44.77999877929688,41.04999923706055,43.95000076293945,1204400.0,-0.0395184626847567,43.73613220875445,43.18862717464375,43.54659164428711,42.98924255371094,40.996287994384765,36.62535606384277,32.84606823921204,37.98189653207295,49.77385207831091,32.99951623880103,49.77385207831091,24.060106121735117,49.77385207831091,24.060106121735117,49.77385207831091,24.060106121735117,49.77385207831091,23.511926759054333,49.77385207831091,1808752.5,1728474.0,1794667.857142857,82255173.06999207,-1,False,114,114,573527593.1632996,105,0.0701883930929343,2.793856257372536,0.0660642278763047,0.477668955694325,-0.6227943399657581,0.7461140132414732,-1.0869556012421326,45.540000915527344,43.4900016784668,1252800.0,False,False,True,0.088200507483716,0.2143799570503154,0.2788355471968881,0.7688401253192441,0.8690555947037676,0.0315568307384264,0.8496429179118191,False,False,-0.0736068446033343,0.9240570020966242,0.0097675217605075,0.9217352040709166,0.4511090848593706,1.346159387654297,0.5773394409913586,1.2755045412137305,1.007848049877912,53.0,31.0,31.0,50.0,50.0,89.0,89.0,62.0,72.0,89.0,87.0,46.15384615384615,RNG
2026-06-05,26.86000061035156,27.82999992370605,26.530000686645508,27.32999992370605,1433000.0,-0.0278682075209182,25.854318582001365,24.080927031638986,22.64800018310547,22.119333457946777,19.84439998626709,17.32879997253418,16.224299998283385,16.75,27.82999992370605,11.68000030517578,27.82999992370605,11.18000030517578,27.82999992370605,11.18000030517578,27.82999992370605,10.425000190734863,27.82999992370605,10.425000190734863,27.82999992370605,2487770.0,2316162.0,2156721.8253968256,64381682.05467224,-1,False,113,113,165013382.63931274,16,0.0721560265083096,1.5040712356567385,0.0559966940237925,6.313417334545821,-0.5119428735560032,6.070637418666329,3.604300033246111,27.81999969482422,26.729999542236328,1794400.0,False,False,False,0.0483990769739424,0.1466865392601362,0.412509295306417,0.35559571851872,0.7701965579264317,0.3535304987270704,0.9651455509876508,False,False,0.3690111855979436,1.3655588500745244,0.954876350639538,1.7844487103809872,0.8809524588669508,1.744914863158317,0.6777014507405481,1.356661580639545,1.1534960005990866,68.0,96.0,96.0,97.0,97.0,95.0,95.0,95.0,96.0,96.0,95.0,96.15384615384616,RXO
2026-06-05,18.239999771118164,19.125,17.899999618530273,18.61000061035156,4007600.0,-0.0198818284308701,17.611246789758177,16.174460024930518,14.808399925231932,14.284666601816811,13.402799911499024,14.357399940490724,17.620624990463256,11.079999923706056,20.14699935913086,10.300000190734863,20.14699935913086,10.300000190734863,20.14699935913086,10.300000190734863,21.959999084472656,10.300000190734863,22.290000915527344,10.300000190734863,24.950000762939453,3538442.5,3523104.0,2661049.603174603,70154609.10476685,-1,False,79,79,218354007.65476227,359,0.0689397493279377,1.195857116154262,0.0655623427171212,5.504831548412984,-0.3094022138892967,-5.75047809743034,-11.462388753125472,18.76000022888184,17.75,4678900.0,False,False,False,0.067160109475957,0.2801534934648734,0.4839363911771321,0.5789056135733562,1.3881849641679609,0.3609096525770732,0.7310620927199218,False,False,0.5697073967949156,1.5657489509733338,0.1851851438737579,1.0818597814927484,-0.0607621164026775,0.8713086475973796,0.0105263458220821,0.8171550838176523,1.329716851492989,79.0,98.0,98.0,80.0,80.0,39.0,39.0,95.0,92.0,90.0,88.0,88.46153846153845,SAIL
2026-06-05,63.16999816894531,72.30000305175781,62.220001220703125,72.00499725341797,3568000.0,-0.1363139363399309,69.26202607874383,63.60346245911152,57.426400146484376,55.25333366394043,50.92620002746582,44.17590002059936,39.24587504386902,37.54999923706055,81.25,34.779998779296875,81.25,29.43000030517578,81.25,28.209999084472656,81.25,28.209999084472656,81.25,13.729999542236328,81.25,4346202.5,4142268.0,4205067.46031746,296573895.8857727,-1,False,353,353,894334183.694458,21,0.1182331381091985,7.124928338187082,0.1127897505890657,2.131597749808636,-1.399312490943588,3.154874589048947,2.4715421849507213,73.9540023803711,70.01000213623047,1969800.0,False,False,True,0.1595694494734063,0.3601393170719453,0.6765870336763441,0.5322882336586774,0.9849917967644778,0.2404223785571297,0.7774769005408654,False,False,0.5555281265581455,1.5516054376382236,0.8907512259039525,1.7259140638801995,0.9984181255681016,1.853884968580921,2.6159130310129224,2.923982861160292,1.033563085732728,56.0,98.0,98.0,97.0,97.0,96.0,96.0,96.0,93.0,94.0,94.0,69.23076923076923,SEDG
2026-06-05,69.38999938964844,74.63999938964844,68.20999908447266,73.8499984741211,2694100.0,-0.0906827203556371,72.18338297587415,72.15426087063501,73.50061431884765,73.31340459187825,68.46561294555664,61.24210628509522,52.44397734642029,65.44548195864013,81.0980922284726,51.3701143109551,81.0980922284726,44.42401642750769,81.0980922284726,40.21164765185456,81.0980922284726,38.25539063509176,81.0980922284726,24.323539142995457,81.0980922284726,2393372.5,2396712.0,2698427.380952381,175718574.8192215,-1,False,241,241,427176643.0664063,79,0.064107208487304,4.880759902316511,0.0703380882727694,0.1919510566021308,-1.4178116333198314,1.0032773984075982,-0.3178622345544855,77.4800033569336,71.19999694824219,2607300.0,False,False,False,0.0926646542979362,0.1734330811953972,0.1957951478677949,0.8857884533099001,0.9730998134110398,0.013501470363332,0.8556304776462598,False,False,-0.1024994192698213,0.8952372879464964,0.4232129867778582,1.299136171974445,0.3113968537010421,1.2165516734539976,1.5213345648344516,2.038859616256249,0.8869508651202926,37.0,25.0,25.0,91.0,91.0,83.0,83.0,43.0,78.0,84.0,86.0,11.538461538461538,SEI
2026-06-05,10.8100004196167,12.489999771118164,10.524999618530272,12.359999656677246,7062200.0,-0.1534847273208488,11.580663902730445,10.75076583465363,10.10060001373291,9.705833355585732,8.582299995422364,8.405999960899353,8.40612499475479,7.179999828338623,13.18000030517578,5.730000019073486,13.18000030517578,5.429999828338623,13.18000030517578,5.429999828338623,13.18000030517578,5.429999828338623,13.18000030517578,3.990000009536743,13.18000030517578,5978350.0,5564114.0,5436261.111111111,61201386.95179939,-1,False,386,386,127206489.47238922,233,0.0913681724580932,0.952857289995466,0.0881459068462508,2.9447670575633684,-2.056971236643736,0.2649299847689663,-1.062150141576003,12.789999961853027,11.925000190734863,4301700.0,False,False,True,0.1817761402693419,0.3487511851454071,0.4782608580580668,0.7292070410308684,1.0206979943257812,0.2595691627398888,0.820182106928451,False,False,0.2977191498949356,1.294446596706375,0.8931699382483358,1.728121911001735,0.4204993731878543,1.3177634860987664,1.206122491678462,1.7839655710638156,1.0997172280376526,63.0,95.0,95.0,97.0,97.0,88.0,88.0,93.0,93.0,93.0,91.0,73.07692307692307,SHLS
2026-06-05,258.70001220703125,287.0,256.489990234375,285.6199951171875,1471300.0,-0.1220687534584326,279.2895799738027,264.5427930771862,264.32403869628905,249.75838317871091,200.0715170288086,161.93458770751954,126.05476741790773,139.93378585222754,314.3399963378906,104.77568872158189,314.3399963378906,104.77568872158189,314.3399963378906,82.85321577151404,314.3399963378906,79.29413020087527,314.3399963378906,64.57412753231978,314.3399963378906,1156897.5,1022936.0,563126.5873015873,320113614.84451294,-1,False,37,37,949424782.019043,37,0.0774688138721351,22.826431274414062,0.0882351379873404,3.321099696229638,-1.5758048548316692,9.362415751281617,10.567414334803855,302.1400146484375,284.989990234375,888200.0,False,False,True,0.1179358651951225,0.2236181034936314,0.3258213734395869,0.6863211616014325,1.220535791095435,0.2930376899665365,0.8229942585128404,False,False,0.0582941928275264,1.05562541504502,1.190360427337072,1.9994031021719056,1.8611319807131128,2.6542040948824663,3.0135731984725185,3.2455479829553444,2.054418182497239,92.0,81.0,81.0,98.0,98.0,98.0,98.0,97.0,97.0,96.0,97.0,46.15384615384615,SIMO
2026-06-05,37.43999862670898,38.9900016784668,37.209999084472656,38.619998931884766,3439200.0,-0.0870519346729578,40.38319521104273,39.42531510972231,38.77679962158203,38.50966631571452,36.75499973297119,32.58929990768433,26.74749992370605,35.619998931884766,47.18000030517578,27.90999984741211,47.18000030517578,27.1200008392334,47.18000030517578,19.65999984741211,47.18000030517578,19.65999984741211,47.18000030517578,19.65999984741211,47.18000030517578,2554360.0,2345458.0,1149383.3333333333,123589825.91423036,-1,False,4,4,346620647.38082886,4,0.0491416565871709,2.643571581159319,0.0706082178986364,0.2639478907511074,-1.3504456320636573,20.03769784064286,17.80617250534498,41.5,39.2400016784668,5582400.0,False,False,False,0.0475428060706263,0.3074252820089435,0.3087607317657413,0.9956748069964708,1.602343763989805,0.0186368901840396,0.7935565575357089,False,False,0.0151843151403241,1.0126242506858865,0.3040752288619126,1.1903849364289123,0.8443349770357096,1.710945696102786,0.7677052921269187,1.4294425594394182,2.2223743166625582,93.0,69.0,69.0,87.0,87.0,95.0,95.0,38.0,77.0,75.0,90.0,30.76923076923077,SKM
2026-06-05,34.970001220703125,36.77000045776367,34.810001373291016,36.630001068115234,1097200.0,-0.0785243605356257,37.362401165770095,36.4640045422344,35.81520027160644,35.145000267028806,33.07580020904541,31.476200065612797,24.09225001335144,30.0,39.93000030517578,25.799999237060547,39.93000030517578,25.799999237060547,39.93000030517578,14.8100004196167,39.93000030517578,12.800000190734863,39.93000030517578,8.180000305175781,39.93000030517578,1224160.0,1181806.0,1599500.396825397,44489235.67676544,-1,False,130,130,510638255.9143066,130,0.0433960849121066,1.6018567766462053,0.0458065976760065,1.2502235315733468,-1.8603408155350376,-0.4850655073108734,2.0509133628669263,38.5,37.36000061035156,679100.0,False,False,False,0.0560480130413117,0.1464111739536799,0.209894192060892,0.6975475239029236,0.775981844735938,0.0572684863158563,0.8757826434619452,False,False,0.0228137649992419,1.0202344608037055,0.2091978260182798,1.103779019336903,0.9109291081216576,1.7727234877653042,2.7481244916036798,3.0308947369439987,0.7653389786146021,24.0,72.0,72.0,82.0,82.0,96.0,96.0,74.0,78.0,73.0,94.0,50.0,SKYT
2026-06-05,8.229999542236328,9.029999732971191,8.130000114440918,8.850000381469727,6725500.0,-0.0896018167073824,8.38365312126294,7.746420737556509,7.145999984741211,6.749666659037272,5.924400014877319,5.2263000249862674,3.636850008368492,4.230000019073486,9.510000228881836,3.950000047683716,9.510000228881836,3.4600000381469727,9.510000228881836,1.919999957084656,9.510000228881836,1.3899999856948853,9.510000228881836,1.3899999856948853,9.510000228881836,8073310.0,7670748.0,5749938.492063492,93121420.69497348,-1,False,23,23,240817125.85401532,7,0.1140122535892596,0.9421429974692208,0.1144766767767296,3.399558246545241,-0.859742546293416,7.171321779461681,6.3623247305599655,9.220000267028809,7.980000019073486,8435800.0,True,False,True,0.1093559743122072,0.2624544889904494,0.5674362498232863,0.4625268284713643,1.372043508664344,0.3891701305734252,0.8654047680505674,False,False,0.5980581339482773,1.5940281940015786,0.4882457920415795,1.3584993667091607,4.344155679285512,4.957646128618517,4.143749637249862,4.159457280200364,1.4040689324143911,82.0,98.0,98.0,92.0,92.0,99.0,99.0,97.0,95.0,96.0,98.0,76.92307692307693,SLS
2026-06-05,31.989999771118164,33.91675169351955,31.97013591959789,33.698253115438824,3229600.0,-0.0515311982383288,32.45961687941968,31.93185422934921,31.66145965576172,31.33119773864746,30.466477890014648,26.44559104919433,23.9499670791626,26.636815254528532,35.63493413924093,24.739860219807827,35.63493413924093,18.24753667065028,35.63493413924093,17.18399818827574,35.63493413924093,17.129015727370547,35.63493413924093,17.129015727370547,35.63493413924093,4198757.5,4563602.0,3949407.53968254,129389751.3068676,-1,False,127,127,407358714.5843506,77,0.0414541157826942,1.5699182648862269,0.0490752821543815,1.018975262314933,-1.107093716273262,9.317940802136604,5.69456192527165,34.12531586351195,33.022896749307215,3658900.0,False,False,True,0.0608507592325506,0.1437441484100645,0.2235330813939325,0.6430553702104794,0.7923105476770324,0.0500064985064403,0.897714575425327,False,False,0.1281961713781982,1.1253511166695085,0.2508738492587188,1.1418216944661403,0.6245548981687599,1.5070609437619114,0.3819105215616536,1.1174723081134066,1.063136042004291,60.0,90.0,90.0,85.0,85.0,92.0,92.0,79.0,73.0,89.0,89.0,61.53846153846154,SM
2026-06-05,151.02000427246094,166.4499969482422,148.0399932861328,162.10000610351562,3840400.0,-0.108237385122091,156.40767760309006,147.0628719800163,141.21960083007812,134.64366760253907,116.51900100708008,100.1588003540039,84.08285024642944,92.8000030517578,172.36000061035156,69.16000366210938,172.36000061035156,69.16000366210938,172.36000061035156,66.75,172.36000061035156,60.27999877929688,172.36000061035156,37.02999877929688,172.36000061035156,3247055.0,3072510.0,2063415.476190476,588628875.435257,-1,False,10,10,1471160544.0582275,10,0.0846550371792234,15.060713631766182,0.0997266137312152,2.9690936705134607,-1.217073923535263,5.787322719708947,3.6916729804540265,171.3699951171875,154.0,2695300.0,False,False,True,0.1219044043257685,0.1841477736182597,0.3552509601912532,0.5183596788003663,1.5969842246241672,0.2960976576110918,0.8761893927690727,False,False,0.2670526149766823,1.263857395829649,0.8412583571499996,1.680736021907287,1.0558127709585317,1.907128616146469,2.9379402941663875,3.1843879622263747,1.573631213620044,86.0,95.0,95.0,96.0,96.0,97.0,97.0,95.0,96.0,95.0,94.0,73.07692307692307,SMTC
2026-06-05,1559.3199462890625,1682.0,1514.3599853515625,1678.8800048828125,13289000.0,-0.113861668772878,1647.259755810736,1540.8097427128755,1506.9115966796876,1429.8653279622397,1179.8787976074218,886.7096997070313,530.2444251251221,947.0,1861.0,558.5830078125,1861.0,499.1499938964844,1861.0,199.5,1861.0,183.0,1861.0,37.33000183105469,1861.0,14201697.5,14920828.0,11414196.825396825,18916095251.638798,-1,False,191,191,32133583481.00586,28,0.0803081925472048,126.86750139508928,0.0813607891677484,3.952682009170081,-1.5792863043618703,15.24232114474275,16.690787881643196,1825.9000244140625,1725.0799560546875,10518500.0,False,False,True,0.1075084141951717,0.2484929288507414,0.3743106380023906,0.6638681982881671,0.698308431676848,0.3215933275952394,0.8378935767270621,False,False,0.10591637320316,1.1031275030892371,1.957009644348377,2.699215244337757,7.022018248374584,7.441835548862315,38.159215425401975,31.66582652246037,1.2442134753100569,75.0,87.0,87.0,99.0,99.0,99.0,99.0,95.0,98.0,98.0,99.0,65.38461538461539,SNDK
2026-06-05,238.25999450683597,247.5500030517578,235.0,242.1999969482422,7162800.0,-0.0242444030900017,228.80033025849795,205.49698340828365,183.52160034179687,176.428667195638,164.4876010131836,173.22430053710937,204.4536505126953,133.02000427246094,284.989990234375,118.3000030517578,284.989990234375,118.3000030517578,284.989990234375,118.3000030517578,284.989990234375,118.3000030517578,284.989990234375,118.3000030517578,284.989990234375,9946272.5,9215848.0,5993719.841269841,2410584525.2859497,-1,False,281,281,10162343400.0,281,0.054951606480921,17.567073277064733,0.0737306878287563,6.082924442320105,-0.3369939929990705,-4.022380221983653,-10.56251455656206,253.0050048828125,241.46499633789065,9532200.0,False,False,False,0.0526735639263927,0.4935364687692748,0.5897338946795139,0.8368799440254036,1.7087662470127545,0.4484982031426157,0.8360293437355171,False,False,0.705023508951353,1.7007238266038731,0.3201462774108452,1.2050548984693408,-0.1009056811062795,0.8340684173186901,0.1367365819119581,0.9192141112512888,1.6594490172054426,88.0,98.0,98.0,88.0,88.0,35.0,35.0,96.0,95.0,93.0,91.0,88.46153846153845,SNOW
2026-06-05,15.079999923706056,16.3700008392334,14.979999542236328,16.31999969482422,1208100.0,-0.072000004695012,15.701556276846798,15.437010947831208,15.23040008544922,15.137666734059652,14.55280002593994,14.778600015640258,15.691099987030029,12.829999923706056,16.770000457763672,12.4399995803833,16.770000457763672,12.4399995803833,17.559999465942383,12.4399995803833,18.709999084472656,12.4399995803833,19.81999969482422,9.649999618530272,19.81999969482422,1530830.0,1451084.0,1700945.634920635,24968102.180137634,-1,False,121,121,113227011.0534668,121,0.0405720793552681,0.671428748539516,0.0445244530461844,0.8136360122500113,-1.742552845464118,-5.68902876002016,-8.924845688281724,16.3799991607666,15.779999732971191,1141800.0,False,False,False,0.0921751527871005,0.1332891405206227,0.1525199073190456,0.8739130705200636,1.122347155643643,0.0362266984241104,0.760847636523629,False,False,0.0216801957901093,1.0191037501988636,0.0567623994364834,0.9646330317703372,-0.2083989224330841,0.7343494937510038,0.4842519832859187,1.2002300175774574,0.8999876119329513,39.0,71.0,71.0,63.0,63.0,25.0,25.0,75.0,64.0,58.0,53.0,46.15384615384615,SONO
2026-06-05,29.989999771118164,30.549999237060547,29.530000686645508,29.86000061035156,566600.0,0.0043536221737896,29.923801325095543,29.661175786632008,29.848400039672853,29.23666674296061,26.61159999847412,22.627299938201904,24.32619999885559,24.670000076293945,35.869998931884766,16.829999923706055,35.869998931884766,15.59000015258789,35.869998931884766,15.59000015258789,35.869998931884766,15.59000015258789,35.869998931884766,15.59000015258789,35.869998931884766,1003185.0,1064350.0,1313464.6825396826,33020298.626613617,1,False,304,304,1089449120.457077,304,0.0514648520193066,1.370713642665318,0.0457056903343287,2.7776004855788208,0.0948404952866898,2.756689704423411,-1.4120757457503863,29.88999938964844,28.25,489200.0,False,True,True,0.0340112890363322,0.1943981316505587,0.3164388077207489,0.6143308813820058,0.7784563348522573,0.1269521476663468,0.8360747327611464,False,False,0.0807207124727267,1.0779953800972026,0.6245937843162619,1.4829604350002554,0.1372771640757371,1.0550249783142782,0.7990401699977379,1.4547812899522925,0.763770060463496,24.0,85.0,85.0,95.0,95.0,71.0,71.0,80.0,92.0,92.0,90.0,65.38461538461539,STAA
2026-06-05,35.720001220703125,46.0,28.0,42.73500061035156,38548000.0,0.5728755024532652,13.160451068864962,9.438623725998935,6.943199958801269,6.534333276748657,6.39199996471405,6.108799977302551,7.261399991512299,3.7799999713897705,46.0,3.6050000190734863,46.0,2.940000057220459,46.0,2.940000057220459,46.0,2.940000057220459,46.0,2.940000057220459,46.0,3676082.5,2953110.0,1507903.5714285714,189037309.31382656,1,False,1,1,2399374991.2719727,1,0.1564264556890522,4.361000129154751,0.1220884652889412,37.58123672929596,2.9832611215152767,3.895137164976764,-5.9714856210762965,38.150001525878906,18.8700008392334,105652800.0,False,False,False,0.5039193556792853,1.160134340454671,1.1654254973203142,0.9954598926505304,4.894267399453457,4.588235515940132,0.7765217656674592,False,False,5.664179166220003,6.647373618747487,8.229974748576204,8.425298373248818,3.2625299203932325,3.954247635387629,8.550802441074753,7.723189802551047,2.4378763799314567,94.0,99.0,99.0,99.0,99.0,99.0,99.0,99.0,99.0,99.0,99.0,100.0,STI
2026-06-05,70.64035034179688,74.40610089406987,69.34181146401906,73.5970156236031,20081600.0,-0.097498702144819,71.97413975173417,67.27187607283604,64.82570510864258,62.63337720235189,53.14048080444336,42.302066268920896,34.19416974067688,48.91484834003609,81.3282971605794,30.25951773225085,81.3282971605794,27.1618514247937,81.3282971605794,25.38891172776522,81.3282971605794,20.954763399178773,81.3282971605794,20.954763399178773,81.3282971605794,12345597.5,11794576.0,8008926.19047619,847112770.6036377,-1,False,43,43,1651643527.003479,3,0.0463666255112766,4.364363673313816,0.0617828712937665,5.330172247114445,-1.7485695519096716,17.533631846548897,15.71665206027212,78.55142719120285,74.62585324372827,13627000.0,False,False,True,0.0716911709178534,0.2162048230421216,0.3651018272378896,0.5921767762100214,1.1480463562234031,0.3293133459170783,0.8685826804208182,False,False,0.2203624127503809,1.2172849356973767,1.261530874667236,2.064368854565401,1.757212746973448,2.557800693156091,1.5206059272939516,2.0382704085894314,1.541479744772871,86.0,94.0,94.0,98.0,98.0,98.0,98.0,92.0,96.0,97.0,96.0,88.46153846153845,STM
2026-06-05,846.8661499023438,910.0111295828328,843.0289200506398,888.5464535607956,3611300.0,-0.0847957305148011,877.1589941335259,830.5647350010331,820.2063671875,786.0348673502605,665.4982818603515,528.6344360351562,385.60197357177736,552.8058784794557,966.1111577821978,351.16961854631234,966.1111577821978,341.1612024902892,966.1111577821978,273.3191572321058,966.1111577821978,227.45256677456453,966.1111577821978,122.9564628495496,966.1111577821978,4038240.0,3990034.0,4123143.65079365,2871431492.214966,-1,False,168,168,7292260189.373779,168,0.0591400047928549,50.96294347374256,0.0601782743112584,4.528701330366416,-1.539629482614078,12.656547857888288,11.389725510457252,940.8191560741952,884.3694163104046,2534400.0,False,False,True,0.0790942105076663,0.1970453723029779,0.3205541277255266,0.6147023396675689,0.8081159208167148,0.2725294309325512,0.8765721657189091,False,False,0.0776303162496532,1.074912777152062,1.4063161951114949,2.1965316781958237,2.2905843651497784,3.052596858660088,5.725107009054442,5.438210893151833,0.9794080298955125,49.0,84.0,84.0,98.0,98.0,99.0,99.0,94.0,97.0,96.0,97.0,73.07692307692307,STX
2026-06-05,73.6500015258789,78.9000015258789,73.05999755859375,77.7699966430664,1479800.0,-0.0615443632066048,73.36933679556054,72.46907356648195,72.92660034179687,72.65683339436849,66.95949996948242,52.41550008773804,38.00432502269745,64.66999816894531,79.54000091552734,39.0,79.54000091552734,30.920000076293945,79.54000091552734,28.0,79.54000091552734,21.145000457763672,79.54000091552734,13.93000030517578,79.54000091552734,1299867.5,1209340.0,828208.3333333334,75546084.96932983,-1,False,234,234,339196799.4541168,53,0.058843370686247,4.401429312569754,0.0597614286677671,1.671958536355465,-1.0973712146781502,8.292991466357169,6.210409287351951,79.54000091552734,73.29000091552734,1118900.0,False,False,True,0.0792940101329544,0.1498981763313086,0.2019009156619916,0.7424343561782436,0.7581490730481089,0.0999186308058714,0.92594921647155,False,False,0.0089041304914918,1.0063599032374984,0.8343710766338923,1.6744491798617638,1.2872670739389012,2.1218432685602133,3.458232414350004,3.6051185575602656,1.569493384313528,86.0,66.0,66.0,96.0,96.0,97.0,97.0,69.0,93.0,96.0,96.0,57.692307692307686,SYRE
2026-06-05,8.149999618530273,8.279999732971191,8.029999732971191,8.229999542236328,2057000.0,-0.0024480364231214,7.904736768693636,7.721475299991152,7.572799987792969,7.525666666030884,7.350200004577637,6.743799996376038,5.680400000810623,6.760000228881836,8.279999732971191,6.210000038146973,8.279999732971191,5.610000133514404,8.279999732971191,5.090000152587891,8.279999732971191,3.740000009536743,8.279999732971191,3.150000095367432,8.279999732971191,1699557.5,1796484.0,1710007.142857143,12166446.101038456,-1,False,218,218,79137450.0,218,0.0420966862664624,0.3014285564422607,0.036985100681099,2.9420850836975774,-0.0663522328466015,3.615965615565436,2.290691608868303,8.210000038146973,7.909999847412109,1597700.0,False,False,False,0.0306748480615369,0.0981594786923404,0.1411042542769662,0.6956521558851677,0.9549987642528406,0.1088133130329145,0.9842995025805068,True,False,0.1335187140013647,1.1306602370480898,0.2814464539997976,1.1697289557542303,0.6074949393659721,1.4912348257016044,1.328571319580078,1.8829829619918252,0.9938891232701618,51.0,90.0,90.0,86.0,86.0,92.0,92.0,79.0,75.0,79.0,82.0,100.0,TDAY
2026-06-05,33.70000076293945,34.970001220703125,33.66999816894531,34.84000015258789,1768300.0,-0.0338302829426933,34.193318567632176,33.08325593696864,32.62960014343262,31.568000157674152,29.342400093078613,29.28560012817383,27.204000024795533,25.299999237060547,36.86000061035156,23.86000061035156,36.86000061035156,23.86000061035156,41.77999877929688,23.86000061035156,41.77999877929688,20.540000915527344,41.77999877929688,19.82999992370605,41.77999877929688,2248850.0,2156928.0,1599405.1587301588,77538959.50451851,-1,False,441,441,430896376.1501312,441,0.0447426358650413,1.4564289365495957,0.0432174748835987,3.436310555883864,-0.8102010853830621,-3.5668845591462044,-5.031184284420746,35.439998626708984,34.689998626708984,1741000.0,False,False,True,0.0385757573390755,0.1928783339123296,0.2258160367379109,0.8541392219020751,1.023923839831464,0.1485086651411562,0.8066060734218766,False,False,0.1129458387959112,1.110139241965047,0.2027123559022636,1.097858957548364,0.1122112743065779,1.0317719484940346,0.5091805140206354,1.2203883001459408,1.406053986836872,82.0,88.0,88.0,82.0,82.0,67.0,67.0,88.0,82.0,77.0,73.0,80.76923076923077,TDC
2026-06-05,7.050000190734863,7.300000190734863,6.934999942779541,7.239999771118164,3343400.0,-0.0355676818166725,7.157197859034275,6.934055252529829,6.879600067138672,6.720000044504801,6.217800016403198,5.796799998283387,6.799900000095367,5.230000019073486,8.029999732971191,4.96999979019165,8.029999732971191,4.400000095367432,8.029999732971191,4.400000095367432,8.055000305175781,4.400000095367432,9.149999618530272,4.400000095367432,9.770000457763672,4970007.5,4857114.0,6419061.507936508,31735481.986424923,-1,False,471,471,214918073.3631611,471,0.0558687401630324,0.4107856750488281,0.0582674700617291,2.297020605440057,-0.6329328597297674,-5.196391945615377,-8.310441172762946,7.570000171661377,7.135000228881836,3444400.0,False,False,True,0.0517730834156581,0.2141843561974828,0.2510637526528716,0.8531074435648248,0.9929373698043736,0.1338415793586533,0.7215967103801539,False,False,0.0367647048511308,1.0341502195513474,0.3877953339793789,1.266806257685855,-0.0637450206771911,0.868541478241535,-0.0098314179704122,0.8006929200680646,0.7742576533742662,25.0,76.0,76.0,90.0,90.0,38.0,38.0,89.0,82.0,85.0,83.0,76.92307692307693,TDOC
2026-06-05,9.43000030517578,11.260000228881836,9.112000465393066,11.199999809265137,41342500.0,-0.1912521073258219,10.232484558399053,9.07124346750231,7.931200008392334,7.449000008900961,6.42780002117157,6.943400008678436,5.412000010609627,4.59499979019165,12.489999771118164,3.740000009536743,12.489999771118164,3.740000009536743,12.489999771118164,3.740000009536743,12.489999771118164,2.5199999809265137,12.489999771118164,1.059999942779541,12.489999771118164,32412875.0,29226746.0,14386967.857142856,426711673.458581,-1,False,16,16,930324039.6039964,16,0.1534449713390631,1.5530712945120675,0.1646947236745733,2.8359437928899403,-1.435864245328759,0.292029192416348,-2.60136664357832,12.489999771118164,10.899999618530272,41915200.0,False,False,True,0.2277836366887296,0.5058324312363421,0.7667019414907174,0.6597510764780897,1.6610104320200407,0.4670649793266301,0.7550040414717768,False,False,0.7893738784260682,1.784861483589447,0.4032738987491611,1.2809353891436834,1.086283262161167,1.9353953661839691,7.345133048644669,6.74823365469714,2.252933023959432,93.0,98.0,98.0,91.0,91.0,97.0,97.0,98.0,97.0,96.0,95.0,69.23076923076923,TE
2026-06-05,27.850000381469727,29.600000381469727,27.57999992370605,29.239999771118164,2867400.0,-0.0491635537400833,27.703916064787105,25.859139345207645,24.3376001739502,23.72433344523112,21.489600143432614,21.228200092315674,24.55620002746582,19.38999938964844,30.93000030517578,15.729999542236328,30.93000030517578,15.729999542236328,30.93000030517578,15.729999542236328,30.93000030517578,15.729999542236328,30.93000030517578,15.729999542236328,35.689998626708984,3806945.0,3741640.0,2187470.238095238,103062029.83146667,-1,False,120,120,224669226.6023636,120,0.0628882149616256,1.7778572354997908,0.0638368837036966,4.636437741370006,-0.8099640990874076,-2.013470805672287,-7.770725967781982,30.1299991607666,28.530000686645508,3875000.0,False,False,True,0.0725314337556598,0.2380610763842779,0.3903052312511227,0.6099356537476415,1.079237981206102,0.2959757368952671,0.7803306655391096,False,False,0.3161625984073819,1.3128435350272731,0.3236691620539169,1.2082706552900182,0.0387915306320125,0.9636621983602144,-0.1443932093933669,0.6918804656442016,1.7403413923998967,89.0,96.0,96.0,88.0,88.0,57.0,57.0,92.0,92.0,90.0,88.0,84.61538461538461,TENB
2026-06-05,357.92999267578125,392.9200134277344,354.1300048828125,389.5400085449219,5471100.0,-0.1202624844846844,378.7165622026943,370.95825457107617,362.9855078125,364.131640625,356.4704669189453,321.22945571899413,240.6265370941162,301.7460114777026,421.9506269999966,272.96690613152737,421.9506269999966,238.61006597529712,421.9506269999966,182.0151211582944,421.9506269999966,151.28518035116662,421.9506269999966,80.86300070878033,421.9506269999966,3724435.0,3606122.0,3635694.047619048,1359379240.7540894,-1,False,310,310,3335094922.6379395,122,0.0581875907397735,25.22752960099545,0.0704817425675946,0.0580913642329797,-1.939547528024723,6.0515028915780205,6.189763297955559,413.8699951171875,388.0899963378906,4214000.0,False,False,False,0.1083731716778998,0.1905121220259791,0.310973741175211,0.612630897084778,0.9915554715009642,0.0040943805792692,0.8482745842104985,False,False,-0.0638329494180928,0.9338062497363196,0.3113539426318918,1.197029086272877,0.8362460805998155,1.7034418192498633,3.3729745167549314,3.5361753531169016,1.0244082563655397,55.0,33.0,33.0,88.0,88.0,95.0,95.0,76.0,75.0,81.0,91.0,46.15384615384615,TER
2026-06-05,16.110000610351562,16.895000457763672,16.05500030517578,16.860000610351562,943400.0,-0.0416418130773318,17.088486227655384,16.977588501910564,17.123599929809572,16.65699993769328,15.37159990310669,11.58049994945526,9.780249965190889,14.020000457763672,18.93000030517578,8.819999694824219,18.93000030517578,6.380000114440918,18.93000030517578,6.380000114440918,18.93000030517578,5.96999979019165,18.93000030517578,5.96999979019165,18.93000030517578,1528060.0,1580218.0,642725.3968253968,27947503.405866623,-1,False,65,65,123002026.51748656,65,0.0461425767441945,0.695857048034668,0.0431941043867833,1.1121120808312188,-1.0059520954308794,5.41023224329244,4.241750177289658,17.020000457763672,16.434999465942383,1399700.0,False,False,False,0.0521415344980275,0.1654251339051037,0.236499085988151,0.699474728259169,1.139102326387878,0.0480366853092264,0.8510301294578858,False,False,0.0202660322527943,1.017693152861056,1.0574713623657943,1.8780994092124237,1.0760309452559005,1.9258845356122145,1.2251382761941016,1.799342552627908,2.3774694567034724,94.0,71.0,71.0,97.0,97.0,97.0,97.0,71.0,93.0,96.0,95.0,30.76923076923077,TH
2026-06-05,82.66000366210938,86.74500274658203,82.0,86.19999694824219,1833900.0,-0.0530415534981896,85.06888174919385,84.15159969463843,83.39560028076171,83.3650001525879,81.72698654174805,73.3266370010376,60.32431415557861,70.19999694824219,89.48999786376953,67.32125215309692,89.48999786376953,57.9126653337961,89.48999786376953,48.18415197416064,89.48999786376953,43.13474458298045,89.48999786376953,32.182788089310726,89.48999786376953,1762330.0,1736012.0,1218845.238095238,193491851.3562393,-1,False,7,7,1300673009.300232,7,0.0503585595764974,3.979286738804408,0.0481404132894864,0.2371451858342394,-1.163524409605393,9.78221858956368,6.917957823001787,88.94000244140625,86.0,1351700.0,False,False,True,0.0574038535732257,0.1310185545833036,0.2333655947364748,0.5614304659230281,1.7911166512673875,0.0114162672556723,0.923678686281148,False,False,-0.0245456012992119,0.972994524079209,0.2232361777818221,1.11659349667821,0.6425973549487731,1.52379850182986,1.4976332286468144,2.0196936960018466,1.445901370344686,83.0,46.0,46.0,83.0,83.0,93.0,93.0,75.0,66.0,78.0,86.0,42.30769230769231,TIGO
2026-06-05,235.47999572753903,256.57000732421875,232.7700042724609,252.2899932861328,1606500.0,-0.0988481193692667,259.8510162516488,254.66056477482977,251.4760003662109,243.4850001017253,225.82420043945316,179.67680038452147,134.13195026397705,184.13999938964844,302.8599853515625,117.33999633789062,302.8599853515625,108.43000030517578,302.8599853515625,108.43000030517578,302.8599853515625,80.62999725341797,302.8599853515625,37.47999954223633,302.8599853515625,2409542.5,2614136.0,1801830.1587301588,608899696.8934631,-1,False,78,78,1654377555.8746338,23,0.0829557526935453,22.71357182094029,0.0964564813701666,0.4432881820083394,-1.137205633472463,5.63752343463585,4.287877408941017,267.0,248.63999938964844,1302000.0,False,False,False,0.1010701693713952,0.2976472836367758,0.4141752390438905,0.7186505990166975,0.7262476015019876,0.0427580182695024,0.777520990282661,False,False,0.0858117813867958,1.0830736104908498,1.1293064791146783,1.943671884627903,1.0298249408789344,1.883020324225876,4.593349269888663,4.523022888373068,1.33727504133804,79.0,85.0,85.0,97.0,97.0,96.0,96.0,85.0,94.0,95.0,93.0,38.46153846153847,TSEM
2026-06-05,167.6199951171875,179.80999755859375,165.77999877929688,178.02000427246094,1992500.0,-0.0931616617716475,178.35352617531038,172.51010692810542,171.34000061035155,166.99966684977213,144.52539978027343,121.56290000915529,91.24904983520508,130.7100067138672,200.67999267578125,86.75,200.67999267578125,81.80000305175781,200.67999267578125,61.380001068115234,200.67999267578125,55.43999862670898,200.67999267578125,31.82999992370605,200.67999267578125,2514555.0,2311890.0,2354334.9206349207,466280444.1484833,-1,False,127,127,927754621.1578368,36,0.0767398449483642,14.987855093819755,0.0894156755185522,1.7871150642515223,-1.148930324780348,7.437307834691636,6.659583030423353,191.3000030517578,174.11000061035156,1848000.0,False,False,True,0.083701224125965,0.2082090139191621,0.3120152089039524,0.6673040543458092,1.3540696140387305,0.1597961006994308,0.8352601217600925,False,False,0.0181000712985086,1.0155326539687486,0.9067226496935572,1.740493086525281,1.51078474765687,2.3291952987566567,4.178251487431473,4.187356960791158,1.0680532229976314,60.0,70.0,70.0,97.0,97.0,98.0,98.0,86.0,94.0,93.0,96.0,50.0,TTMI
2026-06-05,45.810001373291016,47.77000045776367,45.29999923706055,46.5,2910000.0,-0.0080121032793344,45.30263611869,44.38741725578645,44.45719970703125,43.86166636149088,39.997999877929686,34.56864992141723,32.11219989776611,39.75,48.61000061035156,26.149999618530277,48.61000061035156,26.149999618530277,48.61000061035156,22.59000015258789,48.61000061035156,22.59000015258789,48.61000061035156,13.880000114440918,48.61000061035156,2691130.0,2448490.0,2007785.3174603172,88543780.10080338,-1,False,143,143,629628652.9628754,52,0.0470249853279354,2.123500279017857,0.0463545124505483,3.1346959661726843,-0.1742401145602365,0.6439588858323111,-3.1558325630234534,47.560001373291016,44.68999862670898,1609900.0,False,False,True,0.053918383467747,0.1355599806375599,0.1584807229554751,0.8553720484708113,0.8152902401071681,0.1453073031926355,0.942398699816838,False,False,0.0234585141003607,1.0208775839939122,0.6817181262190068,1.535104632359013,0.3144907712781852,1.2194218272105664,2.0098554907735147,2.4338986568837924,1.3403474846623826,80.0,72.0,72.0,95.0,95.0,84.0,84.0,71.0,92.0,89.0,92.0,84.61538461538461,TVTX
2026-06-05,225.9900054931641,237.3000030517578,224.22999572753903,233.7949981689453,3389100.0,-0.0450050453175848,214.30686923162307,201.49269953739025,199.4559991455078,190.13033243815104,166.734599609375,143.89309997558593,131.5020500946045,139.05999755859375,238.47999572753903,112.98999786376952,238.47999572753903,105.0,238.47999572753903,105.0,238.47999572753903,105.0,238.47999572753903,91.83999633789062,238.47999572753903,2987527.5,2825824.0,2743925.396825397,624127866.2598419,-1,False,291,291,1658925829.0512085,4,0.0551158185232982,12.36500004359654,0.0547148092527948,6.495272212611214,-0.8613015656235024,6.139106296933993,0.0120728643340602,238.47999572753903,222.6199951171875,3930200.0,True,False,False,0.0578344484557928,0.2571794933601414,0.2571794933601414,1.0,1.1424950740031934,0.3553875801580015,0.947626675368425,False,False,0.1807210694864867,1.1777435589048932,0.765133231647799,1.6112475440372918,0.7638933352007844,1.6363218980408345,0.8852924027284044,1.524528556570215,1.0887786903595995,62.0,92.0,92.0,96.0,96.0,94.0,94.0,95.0,94.0,94.0,93.0,96.15384615384616,TWLO
2026-06-05,69.22000122070312,73.69999694824219,68.29000091552734,72.33999633789062,2474200.0,-0.0637089011907242,67.46084106840199,63.6734792327879,60.30680023193359,60.13033358256022,57.25860008239746,51.675600090026855,40.93445002555847,48.0,80.5,41.52000045776367,80.5,39.65999984741211,80.5,30.209999084472656,80.5,23.299999237060547,80.5,23.299999237060547,80.5,1545992.5,1446706.0,1453040.4761904762,96311066.04448318,-1,False,203,203,169772851.5487671,52,0.0769667618731038,4.977856499808175,0.071913556949192,2.90489580429967,-0.9461902095116962,5.69292070254697,4.028391607589231,80.5,72.08000183105469,2041500.0,False,False,True,0.0781565434456646,0.3484541824115235,0.4695174722169684,0.742153813288762,1.192356981999107,0.2089013898539733,0.8598757915615295,False,False,0.1627751157417494,1.1598428607828026,0.474648556579138,1.3460875488068351,1.2207250898708772,2.0601138524460594,1.2739816033595903,1.838839368588088,1.063970705106042,60.0,91.0,91.0,92.0,92.0,97.0,97.0,92.0,90.0,89.0,94.0,92.3076923076923,TWST
2026-06-05,31.040000915527344,33.06999969482422,30.270000457763672,32.790000915527344,3801700.0,-0.073432808491721,29.19799873156644,26.856614121856342,24.702600173950195,24.184833526611328,23.614700050354003,21.854550037384037,18.33562503814697,19.530000686645508,35.64500045776367,15.899999618530272,35.64500045776367,15.899999618530272,35.64500045776367,15.18000030517578,35.64500045776367,12.34000015258789,35.64500045776367,8.944999694824219,35.64500045776367,2886685.0,2732226.0,2884092.4603174604,81067568.9818573,-1,False,343,343,210078426.80168152,343,0.0778132705640815,2.215071541922433,0.0713618388076262,4.406214037391746,-1.1105731972601,3.670350065425052,1.015109551842539,35.64500045776367,32.15999984741211,4152200.0,False,False,False,0.0902061583271373,0.4064110631133287,0.5098260404697091,0.7971563452092346,1.2138820141525628,0.3144355358882498,0.8708093846795467,False,False,0.3649956564621837,1.361553447191951,0.4915906637252618,1.361552629878662,0.7369893373132557,1.611363699033185,2.323340514820752,2.687396135856004,1.0008989100447403,52.0,96.0,96.0,92.0,92.0,94.0,94.0,95.0,94.0,92.0,92.0,92.3076923076923,TXG
2026-06-05,82.06999969482422,90.43000030517578,81.6500015258789,90.1500015258789,1593800.0,-0.1240260694181236,87.16501337122381,85.09501544941185,84.0668002319336,83.139333597819,78.01200012207032,65.66280010223389,46.14430002212524,68.94000244140625,94.9499969482422,54.06999969482422,94.9499969482422,41.869998931884766,94.9499969482422,23.81999969482422,94.9499969482422,21.489999771118164,94.9499969482422,19.51000022888184,94.9499969482422,1058782.5,1080118.0,819512.6984126985,93192380.08537292,-1,False,98,98,433048890.1779175,98,0.0713863957640594,6.554284776960101,0.0798621274684061,0.6513429381726162,-1.772886461605873,9.74371483331111,12.54468329101046,94.9499969482422,85.4000015258789,999700.0,False,False,True,0.1069818302905463,0.1821615328845312,0.2761057160591644,0.6597528493234719,1.1673446790072937,0.0520176327539876,0.8643496822813072,False,False,-0.0166546777485772,0.980865548511434,0.6232198865836813,1.4817063147402725,2.0577495986679826,2.8366015830863422,2.900665215002783,3.154245729355181,1.291965947630512,77.0,49.0,50.0,94.0,94.0,98.0,98.0,77.0,86.0,93.0,98.0,34.61538461538461,UCTT
2026-06-05,5.940000057220459,6.178999900817871,5.769999980926514,5.800000190734863,4921600.0,0.0153846417188179,5.649545331865911,5.309518896164144,5.102799987792968,4.883999991416931,4.474999990463257,4.541049988269806,4.586974997520446,3.553999900817871,6.224999904632568,3.0199999809265137,6.224999904632568,3.0199999809265137,6.659999847412109,3.0199999809265137,6.659999847412109,3.0199999809265137,6.659999847412109,3.0199999809265137,6.659999847412109,5933345.0,5693290.0,4441555.158730159,23900233.21603537,1,False,35,35,69184400.0,35,0.0633422481268159,0.3842142990657261,0.0646825413071652,5.0612469868309855,0.2342446723267179,-0.8788904296161735,-3.191653291829389,5.985000133514404,5.715000152587891,2431000.0,False,False,False,0.0688552047056281,0.2340067092753576,0.3459595637277202,0.676399018295466,0.7782301621733655,0.3273743172914607,0.8918919209177727,False,False,0.2426777816937833,1.2395440303446068,0.6408840455814186,1.4978304986218591,0.2147239712481812,1.126870539483197,0.5,1.212964541492802,1.3358710604635031,79.0,94.0,94.0,95.0,95.0,78.0,78.0,95.0,94.0,93.0,91.0,100.0,ULCC
2026-06-05,26.700000762939453,30.950000762939453,25.549999237060547,30.809999465942383,7905600.0,-0.1733745698574424,26.53337385465389,22.82041522569102,19.281600074768065,18.47766669591268,16.632199993133543,16.07680003166199,13.94115002155304,12.94499969482422,34.36000061035156,10.640000343322754,34.36000061035156,10.640000343322754,34.36000061035156,8.65999984741211,34.36000061035156,7.244999885559082,34.36000061035156,6.230000019073486,34.36000061035156,6641642.5,6255728.0,4488340.079365079,244041730.7672739,-1,False,8,8,1442257058.5870745,8,0.1550850079324055,4.420857020786831,0.1655751645866294,3.655861369030717,-1.266722368036322,5.058897446232378,1.6312526670986662,32.93000030517578,27.11000061035156,8207800.0,False,False,True,0.2022472423811425,0.7340823903149554,0.8020599364645759,0.9152463013559052,2.3342670908965357,0.6053198478831612,0.7770663646290973,False,False,0.8723702899290255,1.8676485969779968,0.6231002750524144,1.481597131035305,1.5897186882880936,2.402420438268181,2.642564944180778,2.9455347449173277,1.4797547384019811,84.0,99.0,99.0,94.0,94.0,98.0,98.0,98.0,97.0,96.0,97.0,76.92307692307693,UMAC
2026-06-05,19.700000762939453,20.700000762939453,19.63999938964844,20.549999237060547,32089700.0,-0.0524290574597237,20.6581304457254,19.14831661973208,18.079999961853023,17.1146666208903,14.289999961853027,12.151100006103515,9.806700003147125,11.460000038146973,23.690000534057617,8.289999961853027,23.690000534057617,8.289999961853027,23.690000534057617,7.699999809265137,23.690000534057617,6.96999979019165,23.690000534057617,6.559999942779541,23.690000534057617,15661592.5,14479250.0,9675245.634920634,333903256.18967056,-1,True,0,0,609574573.1628418,9,0.0473470726446125,1.3028575352260046,0.0661348977040143,5.724458557976455,-0.8366226721778987,14.818270826772483,14.234692124021745,20.979999542236328,19.90999984741211,17539700.0,False,False,True,0.0538071742253502,0.2898477548571067,0.4700507548356127,0.6166307614131434,1.2959324550650069,0.378586481142642,0.8315745174685837,False,False,0.2934997606734506,1.2902378478269485,1.0520833312637277,1.8731811108512864,1.5095542678049934,2.328053811861422,1.748808662501682,2.22280495930853,1.6187281533683224,87.0,95.0,95.0,97.0,97.0,98.0,98.0,96.0,96.0,96.0,96.0,69.23076923076923,UMC
2026-06-05,48.72999954223633,49.75,47.95299911499024,49.43999862670898,1168500.0,-0.0242290572235923,47.08903382118594,44.40523781472253,42.46959976196289,40.934999783833824,37.583399810791015,37.05869983673096,37.54994993209839,31.15999984741211,50.540000915527344,29.45499992370605,50.540000915527344,29.45499992370605,50.540000915527344,29.45499992370605,50.540000915527344,29.45499992370605,50.709999084472656,22.61000061035156,50.709999084472656,1056587.5,1007702.0,1066836.111111111,52997997.922325134,-1,False,312,312,204357752.0637512,212,0.0518163410976479,2.438786097935268,0.0500469140333455,5.926100859644976,-0.496148098226847,-2.961335429883246,-7.169440658544159,50.540000915527344,48.70000076293945,1645000.0,False,False,False,0.0368766858586204,0.1537041196147539,0.2643135889412762,0.5815218212216212,1.3075294084957656,0.296583060275587,0.9609544551768172,False,False,0.1830541676842434,1.180070773558474,0.43958646200505,1.3140821949001706,0.0205235506227503,0.9467154277558992,0.7856356873374142,1.4439418485096072,0.990393453123332,51.0,92.0,92.0,91.0,91.0,52.0,52.0,94.0,90.0,87.0,84.0,100.0,VCYT
2026-06-05,58.45000076293945,62.97999954223633,57.810001373291016,61.77000045776367,1278300.0,-0.0818410162890449,59.66828602516959,58.01130982595049,58.22159973144531,56.75099983215332,50.02759994506836,40.81159990310669,34.83959997177124,46.810001373291016,65.43000030517578,30.07999992370605,65.43000030517578,27.299999237060547,65.43000030517578,27.299999237060547,65.43000030517578,26.0,65.43000030517578,19.290000915527344,65.43000030517578,1478885.0,1387716.0,973169.0476190476,73738520.52562714,-1,False,30,30,348353567.5708771,30,0.0617465910849459,3.836428506033761,0.0656360728136426,2.5649780268499764,-1.3580336701905444,6.102091006792311,5.826516667180544,65.02999877929688,58.0,2452400.0,False,False,True,0.0884516356109849,0.1705730928292372,0.2239520954957399,0.7616499075467766,0.7880647048819788,0.1683550845357184,0.8933211140198607,False,False,-0.0574100573287312,0.9402129447494582,0.929042978042325,1.7608675112934813,0.8585055435615978,1.7240913936635265,1.8651961694080907,2.316920905275345,1.5196588954593608,85.0,35.0,35.0,97.0,97.0,95.0,95.0,83.0,94.0,94.0,93.0,50.0,VECO
2026-06-05,47.560001373291016,52.47999954223633,46.77999877929688,51.560001373291016,6355800.0,-0.1061830071113528,50.53802115294789,50.18431603581277,51.46520034790039,50.680000178019206,46.2653999710083,36.65099996566772,25.835049982070924,42.18000030517578,60.43000030517578,28.46999931335449,60.43000030517578,20.540000915527344,60.43000030517578,16.90999984741211,60.43000030517578,15.510000228881836,60.43000030517578,9.079999923706056,60.43000030517578,6730067.5,6586574.0,4360642.063492063,332899695.75674057,-1,False,36,36,1115606512.486267,36,0.0780833753725305,4.089285169328962,0.0859816032643229,0.3254424592586077,-1.381659013061392,12.922353990482057,11.081667118749268,54.060001373291016,47.83000183105469,4888900.0,False,False,False,0.1198486248602273,0.1888141144436417,0.2203532220274858,0.8568702227557622,1.0659821023797804,0.0279820644173391,0.787026330185498,False,False,-0.102641483522811,0.8950955819473123,0.7058824535482262,1.5571622948427517,1.716162235957214,2.519719110352228,4.119483484239377,4.139834624760259,1.543366183696918,86.0,25.0,25.0,95.0,95.0,98.0,98.0,66.0,90.0,95.0,96.0,15.384615384615383,VIAV
2026-06-05,67.18000030517578,71.41999816894531,65.76000213623047,71.41999816894531,2557500.0,-0.0788427255716318,73.34613408762928,72.46287230947124,72.36520050048829,70.43433392842611,64.39260040283203,55.02440006256104,44.54495005607605,56.619998931884766,89.79000091552734,43.02000045776367,89.79000091552734,36.709999084472656,89.79000091552734,32.060001373291016,89.79000091552734,29.1299991607666,89.79000091552734,8.779999732971191,89.79000091552734,2017587.5,1955642.0,2659119.4444444445,195402989.12555692,-1,False,303,303,495910968.5600281,303,0.0737842062257359,6.721430097307477,0.1000510578561226,0.432654905153867,-0.8554727069620763,4.750818444825131,4.160800122205165,74.43000030517578,66.83999633789062,2185800.0,False,False,False,0.0842512058202354,0.357695722985067,0.357695722985067,1.0,1.6259724428090625,0.0432875809472848,0.7481902173982312,False,False,-0.001783101651418,0.995699621868667,0.5341401895553435,1.4003926549625871,0.9591717267862494,1.817477017791381,6.556805141816944,6.110757789329625,0.7587427124476251,24.0,57.0,57.0,93.0,93.0,96.0,96.0,76.0,88.0,91.0,92.0,19.230769230769237,VSAT
2026-06-05,57.10519027709961,61.84731702881757,55.59769100860071,59.960450362210736,10644600.0,-0.1016176398043046,55.12314523119432,48.39489931202973,43.339244003295896,40.75733070373535,33.18949546813965,25.818511257171632,20.42840585231781,26.206489233073945,66.1302004974206,16.282965193637445,66.1302004974206,15.495072072560877,66.1302004974206,14.31383420306488,66.1302004974206,11.600190045574085,66.1302004974206,11.600190045574085,66.1302004974206,5766887.5,5013556.0,2444062.698412698,390359637.8468704,-1,False,2,2,772696533.9645386,2,0.0857067139652447,5.073004914808233,0.0888361441436719,8.111340861800317,-1.273263201153254,22.238245831185047,17.45044238285537,66.1302004974206,56.90551856757664,11097300.0,False,False,True,0.1094405953275161,0.4026223241835368,0.5916082962880775,0.6805555748790311,1.9240555007264304,0.7205802459973489,0.8635266466389586,False,False,0.7044099314457488,1.7001117964014916,2.4468983451885022,3.146395067326761,2.848076409458745,3.569768969853803,2.958565095870988,3.201066064321708,2.359549738124688,93.0,98.0,98.0,99.0,99.0,99.0,99.0,98.0,98.0,98.0,98.0,88.46153846153845,VSH
2026-06-05,12.850000381469728,13.239999771118164,12.755000114440918,13.210000038146973,819700.0,-0.0294561477636264,12.63063425400154,11.98401273319548,11.443600044250488,11.147666708628336,10.174400024414062,8.77150002002716,7.115600016117096,8.899999618530273,13.520000457763672,7.03000020980835,13.520000457763672,6.25,13.520000457763672,6.03000020980835,13.520000457763672,4.829999923706055,13.520000457763672,3.9800000190734863,13.520000457763672,1607730.0,1483294.0,2132424.206349206,25566431.535859108,-1,False,343,343,112537200.0,24,0.0536755258681032,0.5257143293108258,0.0409116197435238,6.427850427830175,-0.7418466035721321,10.221216507366533,5.912160911599069,13.520000457763672,13.199000358581545,1109400.0,False,False,True,0.0377431628232974,0.1749416403286814,0.3428015996791498,0.510329124754437,1.0998628727683115,0.2629737724716352,0.9504437830170924,False,False,0.3937093285584798,1.3901947099235694,0.6348600716529718,1.492331699424422,1.020440269137083,1.8743143874378283,1.039682538481136,1.6493750633864304,0.7539447335164595,23.0,97.0,97.0,95.0,95.0,96.0,96.0,92.0,93.0,94.0,93.0,92.3076923076923,VSTS
2026-06-05,74.5999984741211,75.98999786376953,72.27999877929688,72.27999877929688,3254500.0,0.0207990777912172,65.91941822491751,59.8535143146326,54.41919967651367,54.00799980163574,52.19519996643066,54.189299964904784,45.51704999923706,43.119998931884766,81.27999877929688,41.9900016784668,81.27999877929688,41.9900016784668,81.27999877929688,41.9900016784668,81.27999877929688,33.19900131225586,81.27999877929688,17.530000686645508,81.27999877929688,2458672.5,2460072.0,2669912.698412698,196848901.72374725,1,False,428,428,797269479.6875,3,0.0657918930753038,5.779214041573661,0.0774693587102214,5.540902597926624,0.2630109617211056,-0.6609752383991641,-3.684684171557565,80.36499786376953,72.68000030517578,4078100.0,False,False,False,0.0497318922299933,0.4186327102013291,0.5115281585515031,0.8183962176916584,1.7206732160684728,0.4292501709371756,0.9178149556410024,True,False,0.4479813239768604,1.444329843686121,0.5964048620778353,1.4572290449208092,0.754881237817713,1.6279615896248396,2.644357644186756,2.946984399277851,0.920881233855218,42.0,97.0,97.0,94.0,94.0,94.0,94.0,96.0,92.0,90.0,88.0,92.3076923076923,VSXY
2026-06-05,511.7200012207031,554.1599731445312,511.3299865722656,545.25,9009200.0,-0.1105935118888872,536.3735936778405,509.7846247107133,499.4407141113281,484.28284505208336,423.8445593261719,346.42452209472657,242.40572132110597,373.9225134718097,602.3829346800377,248.9950803184717,602.3829346800377,237.40445795231307,602.3829346800377,165.3477212449662,602.3829346800377,132.22581547771188,602.3829346800377,54.07345983403597,602.3829346800377,7263030.0,7516180.0,8471714.682539683,3488002257.984772,-1,False,168,168,6562846205.200195,168,0.0583566714560395,32.411312611084725,0.0633379827518327,3.2733819386088814,-1.9632026363373145,10.111453280711531,9.57144337662216,593.8451529071189,564.4128250428042,6488200.0,False,False,True,0.0836980897172186,0.2422373052617012,0.3292739330319651,0.7356710658240456,0.8955120819352383,0.2073294087677701,0.8494928587120564,False,False,0.0594089538539066,1.056737364897078,1.0870679088889048,1.90511570579692,2.293978946127723,3.055745930703184,8.42691080458203,7.623005694515589,0.8573270314413682,34.0,81.0,81.0,97.0,97.0,99.0,99.0,90.0,95.0,94.0,97.0,65.38461538461539,WDC
2026-06-05,26.209999084472656,26.65999984741211,25.950000762939453,26.302000045776367,2162000.0,-0.0101963920857707,25.63197878439585,24.98212298175819,24.91137710571289,24.51648864746094,22.30222686767578,21.39707927703857,21.130419874191283,21.71531845409509,28.676187101523634,16.474721619860475,28.676187101523634,16.474721619860475,28.676187101523634,16.474721619860475,28.676187101523634,14.767744355563654,28.676187101523634,14.767744355563654,31.482925232403893,2748685.0,2634194.0,2458011.111111111,75721219.54609871,-1,False,441,441,373720113.2331848,28,0.0493597058948482,1.017650825433499,0.0388268165196684,4.51283264257313,-0.2653173868833222,1.1793530109565733,-0.5661812274549918,27.0,25.920000076293945,2909000.0,True,True,False,0.0270888633831839,0.1112625200489673,0.2311083922964944,0.4814300291883213,0.6996105829714896,0.1752189249971576,0.8325147327001221,False,False,0.1231638107764514,1.1203314465391432,0.3645915124470822,1.2456253633568242,0.254530302991572,1.1637979267647949,-0.0397767396515057,0.7764778444795565,1.1182557261742785,65.0,89.0,89.0,90.0,90.0,80.0,80.0,79.0,88.0,85.0,82.0,88.46153846153845,WSC
2026-06-05,24.0,25.209999084472656,22.989999771118164,25.209999084472656,26701300.0,-0.0836197208629198,25.11819962740872,24.236613280731795,23.929999923706056,23.40799992879232,21.185,18.137000017166137,15.295550022125244,19.56999969482422,27.46999931335449,13.199999809265137,27.46999931335449,11.739999771118164,27.46999931335449,11.130000114440918,27.46999931335449,10.470000267028809,27.46999931335449,3.400000095367432,27.46999931335449,30303752.5,30325958.0,39373959.52380952,640878403.0597878,-1,False,295,295,2519607036.035061,295,0.0729533623563261,1.8914286749703544,0.0788095281237647,1.6860529278864544,-1.1578552038669618,2.559966880569582,1.2760769513584145,26.56999969482422,24.75,22561100.0,False,False,True,0.0924999713897705,0.2329166730244954,0.3279166221618652,0.7102923648363388,0.924961381269472,0.1328770356384234,0.8736804004335174,False,False,-0.0675990593080948,0.9300496371207702,0.7454545454545454,1.593284461007485,0.6632016280271062,1.54291259595248,4.660377664046611,4.577224931964263,0.7696394486735644,25.0,32.0,32.0,96.0,96.0,93.0,93.0,81.0,93.0,93.0,93.0,61.53846153846154,WULF
2026-06-05,8.15999984741211,8.59000015258789,8.100000381469727,8.539999961853027,1559500.0,-0.0411281283262332,8.400943428323739,8.291163870553524,8.306400089263915,8.196000067392985,7.8164000415802,6.997700023651123,6.070050004124641,7.099999904632568,8.829999923706055,6.139999866485596,8.829999923706055,5.550000190734863,8.829999923706055,5.510000228881836,8.829999923706055,5.199999809265137,8.829999923706055,1.0,8.829999923706055,1328710.0,1261612.0,913761.507936508,13466773.694486618,-1,False,445,445,91024561.9729042,273,0.0456910344279699,0.4007142611912319,0.0491071407701454,0.8951616806609285,-0.8734412906325206,9.759931655822122,6.6107877701290425,8.649999618530273,8.460000038146973,890100.0,False,False,True,0.0600489926814844,0.1139705693295529,0.1299019562011037,0.8773583759825209,0.98123670351899,0.0439588306642562,0.924122301009858,False,False,0.0074073411255193,1.004866888434622,0.3097913037608062,1.195602679473599,0.486338831986898,1.3788411862283882,6.555555114039686,6.109746963083162,1.4541102776374824,83.0,65.0,65.0,88.0,88.0,89.0,89.0,71.0,76.0,80.0,77.0,26.923076923076923,XMAX
2026-06-05,53.5,55.459999084472656,53.20000076293945,54.7599983215332,1523600.0,-0.0293904020913843,52.63043170793258,50.17174164587742,47.94639984130859,47.26533317565918,45.72059989929199,41.71909984588624,36.78119989395142,41.630001068115234,56.150001525878906,37.18000030517578,56.150001525878906,33.41999816894531,56.150001525878906,32.7400016784668,56.150001525878906,32.7400016784668,56.150001525878906,22.81999969482422,56.150001525878906,2067457.5,2413078.0,2162585.714285714,112096174.5296669,-1,False,221,221,521476857.5408936,221,0.0403964867690143,2.215714590890067,0.0414152259979451,4.108413545699188,-0.7311406164608961,8.249458373331887,2.824145129064711,55.65999984741211,54.0,1202600.0,False,False,True,0.0422429592809944,0.1616822715117552,0.2680373860296802,0.6032079103093922,0.9340850150720368,0.1701508754881511,0.9528049607504008,False,False,0.2367083235269038,1.233589625796501,0.4502575463585514,1.3238229658224556,0.4362416107382549,1.3323671854913652,0.5917881293796379,1.2871883723377715,0.9560118178635364,47.0,94.0,94.0,92.0,92.0,88.0,88.0,86.0,83.0,85.0,84.0,88.46153846153845,YPF
2026-06-05,22.020000457763672,23.399999618530277,21.700000762939453,22.854999542236328,9621500.0,-0.0488120595847483,22.00917744507764,20.608704706582277,19.315599975585936,19.08366667429606,17.967600021362305,18.055200004577635,18.692300024032598,15.600000381469728,25.950000762939453,14.364999771118164,25.950000762939453,14.364999771118164,25.950000762939453,14.364999771118164,25.950000762939453,14.364999771118164,25.950000762939453,12.100000381469728,25.950000762939453,9281120.0,8806786.0,8523646.031746032,200467360.9417343,-1,False,303,303,958199997.3178864,303,0.0673738768550133,1.6637145451137,0.0755547007505677,2.985113114872225,-0.679202549551177,-5.298563389709193,-6.446236393509313,23.850000381469727,22.558000564575195,6891700.0,False,False,True,0.0772024895663181,0.3533151918669686,0.4700272555090065,0.751690859893546,1.2471893832778496,0.2255393281007662,0.8485549059871929,False,False,0.2780035428199225,1.2747807079180984,0.168789823748434,1.0668938181240952,0.1967391801241,1.1101864764728482,0.6681818769654633,1.34896364368001,1.088867365612413,62.0,95.0,95.0,79.0,79.0,76.0,76.0,91.0,87.0,83.0,80.0,80.76923076923077,ZETA
